0.849945064
0.812781439
0.794899555
0.794886458
0.792378609
0.820380838
0.81302276
0.801069301
0.786047657
0.763234626
0.748456375
0.774353299
0.766708532
0.743477216
0.739517694
0.751060352
0.747650379
0.742967907
0.737851088
0.732278526
0.725862551
0.718614499
0.711357073
0.704902837
0.700057895
0.698517594
0.708345218
0.718021909
0.715648532
0.711594703
0.70696545
0.702165002
0.697637633
0.693890748
0.691715992
0.691932887
0.694131382
0.696257223
0.697180021
0.70773336
0.70968808
0.708357255
0.708997975
0.710993272
0.72284608
0.722268737
0.720971817
0.718853634
0.716499029
0.715244347
0.715145951
0.725648546
0.731222372
0.758040979
0.760671306
0.761329239
0.763818512
0.766405245
0.768711165
0.770509314
0.771662854
0.772919647
0.775169903
0.792871285
0.80174192
0.841018455
0.842158311
0.841426982
0.853344648
0.853619372
0.856891277
0.854534082
0.851095725
0.851513152
0.854732979
0.875490504
0.881949842
0.884444664
0.882531385
0.880582437
0.882757711
0.885497901
0.886814422
0.886160193
0.884736543
0.886996911
0.889668731
0.90075347
0.902002011
0.892477927
0.884530788
0.874205393
0.882031602
0.888080665
0.891635946
0.896115316
0.899414206
0.900437817
0.905728332
0.894274976
0.859779924
0.847488795
0.847453112
0.847668765
0.899150641
0.859621902
0.841680432
0.829555356
0.820736847
0.812815144
0.806971872
0.81534392
0.811618236
0.816329533
0.816698219
0.789507013
0.793456339
0.787870013
0.780115695
0.771649895
0.763994993
0.758763265
0.757252296
0.77806904
0.780568663
0.766658194
0.76859028
0.76849096
0.752926511
0.72733241
0.728098359
0.732299964
0.746151251
0.759376747
0.747780709
0.740914854
0.736055001
0.703537124
0.699567517
0.695535527
0.690989537
0.68543648
0.678484019
0.671382032
0.665923202
0.705679103
0.730920974
0.761907611
0.714197239
0.679515464
0.676137633
0.686302451
0.695393656
0.694640252
0.67166431
0.667481495
0.679079372
0.714804649
0.673267106
0.712999634
0.733293241
0.709776086
0.711844929
0.715837617
0.73667262
0.749643913
0.748081498
0.74459607
0.740781229
0.738200274
0.734813835
0.752254254
0.755635266
0.758876364
0.761482322
0.763230539
0.76377306
0.763421299
0.76577167
0.793263648
0.798215017
0.800886967
0.805555895
0.810198704
0.819207739
0.859213882
0.862178376
0.861596739
0.864611184
0.870019139
0.869034876
0.873488705
0.874942873
0.877481491
0.88238312
0.902760325
0.907543747
0.908801572
0.909381004
0.910789293
0.912482469
0.902249768
0.872255579
0.862653815
0.862935535
0.864895147
0.867813102
0.881201548
0.883004685
0.883493783
0.884127848
0.886374221
0.891023501
0.896316367
0.896725221
0.899027452
0.896628938
0.894678085
0.894453607
0.919839985
0.921828865
0.922819244
0.922564181
0.922852787
0.925477055
0.929244198
0.912180821
0.890949239
0.872753324
0.869513498
0.879423246
0.919240528
0.905662538
0.887125346
0.86813096
0.853185433
0.85558033
0.850925942
0.844542984
0.839225942
0.831531871
0.826406098
0.826431979
0.848114716
0.848533203
0.844453065
0.838205028
0.830872337
0.824007985
0.819180202
0.817043466
0.817641086
0.820611864
0.824505689
0.840516375
0.847107056
0.83839664
0.829040013
0.817166668
0.807764387
0.819226418
0.814803006
0.80898154
0.803541598
0.797191682
0.791299645
0.786738826
0.795681599
0.791280496
0.786396576
0.782307942
0.778629877
0.775619229
0.773046293
0.770656836
0.768558087
0.766849138
0.76562257
0.763799453
0.777947801
0.781282001
0.785213234
0.78911838
0.792382957
0.794336627
0.793938424
0.790285081
0.783946855
0.777428724
0.77300991
0.769166173
0.784185595
0.784636866
0.785090004
0.785586516
0.786167284
0.786872478
0.787741469
0.788812748
0.790273703
0.793796697
0.798628373
0.803139493
0.817998195
0.821103732
0.840200325
0.844410668
0.843976096
0.862704251
0.865210572
0.866162424
0.866409332
0.86679715
0.868375278
0.87187351
0.878128286
0.889670128
0.893798885
0.895551663
0.896221526
0.897594785
0.905531728
0.909706795
0.913957309
0.917125041
0.920130447
0.923948757
0.938296168
0.936306176
0.929540737
0.919090914
0.909183999
0.90851187
0.906213765
0.903864269
0.906777637
0.907096676
0.909496378
0.913978629
0.958992926
0.956746783
0.954141501
0.94886357
0.94362465
0.940373243
0.933489186
0.928767411
0.932908918
0.932230452
0.931948618
0.931840515
0.934083355
0.941378905
0.948634886
0.953865129
0.942044466
0.929920491
0.91958916
0.914523206
0.90790975
0.900196011
0.895288049
0.893435643
0.925418874
0.930241558
0.926209147
0.920079736
0.912476217
0.904179705
0.895962212
0.888580565
0.88403804
0.875695228
0.870238353
0.869679501
0.887086674
0.920975298
0.918883966
0.913225024
0.905294227
0.896177191
0.886867796
0.878330601
0.872893756
0.864758539
0.859415096
0.859588008
0.899794113
0.897256241
0.87529878
0.866187284
0.860858146
0.874863205
0.895238141
0.892981974
0.890367166
0.887414802
0.884336067
0.881357978
0.878703761
0.884968541
0.884563836
0.876130538
0.867467265
0.862646415
0.861217951
0.860635126
0.859519369
0.858585051
0.857551723
0.858222921
0.887727065
0.886305749
0.8780017
0.865274624
0.855076611
0.849280372
0.847638008
0.846725322
0.845942611
0.845366953
0.845074153
0.845139238
0.851426442
0.860321
0.85872886
0.858499132
0.858500827
0.858771213
0.880648328
0.881100912
0.881187894
0.881275006
0.881409023
0.881665621
0.883288594
0.89453412
0.89373186
0.892972111
0.891901711
0.890609324
0.88803572
0.882175123
0.873682709
0.848875712
0.839297159
0.848343995
0.859736592
0.870397548
0.866685373
0.863087077
0.859067444
0.854623164
0.849894508
0.845205395
0.840797373
0.83736191
0.834841193
0.830476067
0.831265173
0.849496015
0.848490234
0.847352804
0.845875036
0.845822625
0.866515169
0.866509442
0.868121407
0.869041722
0.868600544
0.872183287
0.875825689
0.886577149
0.884465375
0.885967463
0.884166007
0.881345073
0.86768199
0.848423146
0.850751208
0.853190105
0.856642584
0.861940467
0.882627116
0.903292423
0.904246921
0.903761325
0.902965718
0.903181385
0.909014179
0.910866884
0.905741965
0.888135096
0.870924678
0.860628211
0.874269747
0.889701035
0.896805569
0.894712394
0.891774275
0.891958136
0.891786995
0.892533442
0.897596576
0.89833873
0.901116533
0.907221966
0.920407902
0.920199671
0.91057541
0.899247823
0.889504889
0.885260295
0.884466504
0.883956932
0.887374018
0.887774896
0.888691056
0.890501381
0.911096083
0.912192306
0.898350584
0.885619758
0.879331944
0.879133748
0.880634031
0.883304794
0.889302952
0.892348008
0.894609507
0.895585213
0.894295012
0.901266515
0.894093659
0.881342084
0.86953034
0.867687759
0.866269962
0.865492018
0.866394803
0.867397361
0.869336231
0.872179354
0.875655034
0.88369891
0.884746874
0.878420327
0.861796319
0.850541946
0.860334886
0.855933107
0.850579982
0.844694759
0.839700041
0.83653572
0.836072111
0.843066178
0.843496689
0.842397621
0.840840539
0.83901657
0.837232737
0.835947087
0.835706131
0.836619458
0.838842909
0.842321153
0.854192418
0.863620005
0.858396429
0.852313419
0.846368531
0.841536465
0.837662024
0.833586601
0.830064001
0.826823279
0.824081543
0.822725781
0.850039525
0.860017351
0.85824554
0.853878706
0.848305941
0.842250698
0.831032742
0.815685952
0.818217693
0.798525855
0.804954835
0.828663214
0.820366724
0.805559372
0.794172056
0.788468292
0.786406585
0.785829795
0.785518506
0.784386947
0.778276886
0.75627002
0.746613995
0.745363278
0.745584129
0.744960514
0.738238222
0.721044093
0.730390653
0.73510639
0.733035227
0.732604205
0.728234769
0.723249417
0.71996921
0.716888871
0.714040434
0.711458513
0.709121829
0.706839248
0.705649997
0.705318942
0.705363438
0.708871927
0.708060805
0.705097275
0.702295531
0.700281775
0.699472059
0.6997198
0.700188542
0.701993313
0.705534547
0.706130651
0.709133625
0.724585249
0.725766867
0.727051262
0.730845548
0.748258317
0.748770315
0.747642832
0.74820374
0.750831069
0.754312373
0.757450997
0.758701489
0.773203821
0.794153492
0.802120245
0.804512149
0.805053352
0.805366048
0.807061196
0.821510642
0.828496623
0.829098429
0.824584771
0.820948802
0.832205475
0.837048523
0.869351971
0.869231916
0.867431143
0.866186335
0.867394479
0.875147573
0.886730947
0.891139684
0.891775839
0.890270668
0.887747449
0.889932239
0.888129212
0.887467901
0.889733175
0.905163888
0.912091732
0.909663345
0.903797002
0.900928316
0.89684224
0.890779169
0.883082173
0.878705349
0.878280544
0.872606853
0.862756943
0.861281631
0.873608185
0.890587762
0.895683083
0.890364678
0.877093273
0.864117789
0.865911348
0.858430422
0.849222154
0.840754284
0.834471027
0.845650518
0.84700269
0.863272311
0.859207693
0.844328414
0.829826064
0.823126676
0.817460526
0.813286715
0.809530578
0.806596034
0.805053576
0.808302482
0.829213808
0.836801814
0.836116222
0.831432919
0.825128441
0.818730936
0.811963825
0.804911202
0.798000724
0.793966145
0.792251392
0.811644943
0.821957401
0.819776322
0.81640765
0.812054563
0.807906958
0.803598731
0.799216056
0.79440009
0.789936522
0.788840126
0.788028927
0.799078031
0.820767964
0.827272415
0.832175556
0.835447589
0.837048584
0.836985324
0.835553703
0.829338934
0.815554769
0.811514832
0.809322015
0.807306868
0.804703523
0.801891634
0.799523444
0.798236373
0.798665276
0.81986075
0.837384271
0.842137165
0.841480987
0.843909865
0.845078435
0.84527195
0.843853822
0.837442251
0.831433636
0.830318152
0.830631733
0.833763036
0.848930904
0.846823144
0.843863315
0.840499401
0.836878119
0.828166881
0.822335284
0.839331623
0.848948429
0.857964898
0.865215262
0.869442278
0.869034989
0.862105202
0.854020186
0.848606163
0.845289407
0.843508433
0.846168319
0.85031509
0.852145093
0.855845477
0.860049454
0.862623726
0.862903172
0.867394327
0.869206294
0.869012309
0.873068637
0.894639804
0.904251448
0.903278648
0.900375174
0.89614011
0.902276917
0.898197352
0.892271516
0.895733636
0.890505549
0.888984484
0.882689316
0.913732038
0.919390045
0.912645683
0.903505406
0.893743317
0.885775467
0.882366136
0.885890804
0.902636736
0.914892534
0.921709886
0.917799534
0.909499324
0.918836508
0.911922955
0.90429751
0.894505162
0.883005177
0.88685163
0.881991215
0.881438973
0.875220288
0.869656392
0.866388213
0.86650925
0.864425422
0.857970261
0.856144467
0.85514306
0.858956184
0.870567604
0.859618485
0.849302107
0.848373462
0.842515761
0.837214371
0.83292111
0.829807683
0.826752931
0.822887569
0.819245662
0.815913891
0.81302453
0.816583742
0.812739651
0.808077
0.80500322
0.80220016
0.799838972
0.798529337
0.797259043
0.79594732
0.792656027
0.792432763
0.792776404
0.806413781
0.806423851
0.805700518
0.804033555
0.804865495
0.819909275
0.821821226
0.819457003
0.817085619
0.819783983
0.828037731
0.835807921
0.831396111
0.829892415
0.832219675
0.834775277
0.837458423
0.840440026
0.844591022
0.848033336
0.847847936
0.839648591
0.830729396
0.863952526
0.878452104
0.878711308
0.892324883
0.89352177
0.894109357
0.893843253
0.893795843
0.894645347
0.895582484
0.897322404
0.900472934
0.905993382
0.923220411
0.928411046
0.93120861
0.931881505
0.93270141
0.934684573
0.943056278
0.944982531
0.947282444
0.948618903
0.95058943
0.953001202
0.955004795
0.956957565
0.961693008
0.962234305
0.963664277
0.967071343
0.983849706
0.973626346
0.959772745
0.945578112
0.934330696
0.932900954
0.954921747
0.96230091
0.956563798
0.946204988
0.936072376
0.938007186
0.98001817
0.970813236
0.96224929
0.960880813
0.95918361
0.955144478
0.952044967
0.962789736
0.959413169
0.926288076
0.928504096
0.94641173
0.93157759
0.919303457
0.898422175
0.886397127
0.880649512
0.888582119
0.878354716
0.870778785
0.870147939
0.839701392
0.846340326
0.850867809
0.860678119
0.862590655
0.856198159
0.847944941
0.84073501
0.833465908
0.819876386
0.808613637
0.823972328
0.811354882
0.796916577
0.78660173
0.78682611
0.78267591
0.784959927
0.785335476
0.785770426
0.785396952
0.783359988
0.779461844
0.775958023
0.769228066
0.763009255
0.759693549
0.773518994
0.771638806
0.769149089
0.766470753
0.763716293
0.762112396
0.761235388
0.760196119
0.75879225
0.756605401
0.749464705
0.742191136
0.751894711
0.750942319
0.748982249
0.746323386
0.743180037
0.74014827
0.74435719
0.743917805
0.743501
0.745822467
0.752588339
0.769148195
0.786923273
0.787381273
0.786564159
0.785078084
0.783531905
0.782540551
0.783748462
0.791526765
0.795676247
0.797766608
0.799741638
0.802080193
0.816064466
0.818950254
0.85633004
0.857787657
0.857231742
0.855785807
0.8545772
0.854740335
0.878165272
0.882617129
0.883845528
0.884549338
0.898187612
0.905832566
0.913545781
0.916621308
0.91832231
0.920276169
0.922761888
0.924243413
0.927640609
0.934724721
0.944308764
0.950426479
0.946072372
0.94511182
0.950629149
0.955616151
0.96060281
0.964071407
0.966114005
0.969015191
0.975367262
0.980331228
0.976836047
0.977797373
0.983763637
0.975990258
0.9669594
0.961028668
0.951973489
0.94601807
0.95023648
0.947357844
0.948377332
0.944448578
0.934535715
0.922743502
0.910296638
0.901513113
0.898077914
0.892630043
0.891481565
0.91656559
0.934718318
0.920832285
0.913894718
0.906820143
0.901958848
0.897353962
0.900667783
0.895373756
0.891458692
0.885269598
0.876821562
0.918194907
0.910510591
0.893095998
0.871181524
0.848784408
0.832904576
0.849146605
0.852012498
0.844547357
0.832717103
0.820108105
0.809042642
0.798056267
0.78864444
0.782255629
0.77849638
0.777561147
0.782549143
0.800309682
0.803821972
0.802579149
0.795333152
0.786441525
0.779228064
0.775043239
0.772326639
0.773713543
0.77531389
0.777838152
0.780828108
0.783838392
0.784582584
0.778185949
0.789396971
0.783633453
0.777222185
0.812659834
0.816786028
0.815639911
0.812947804
0.809472525
0.807940541
0.805638793
0.804489319
0.807145916
0.812064527
0.811867705
0.805113615
0.837918118
0.839894696
0.839269023
0.837708207
0.835671756
0.834882282
0.834859628
0.832672377
0.829493978
0.827678512
0.822986732
0.819000868
0.864337124
0.869776032
0.869779934
0.868129353
0.863825845
0.858771578
0.857618222
0.854150021
0.84965965
0.845335228
0.839606741
0.835022054
0.871921916
0.876734422
0.874998459
0.871137904
0.865970484
0.858052014
0.852816041
0.850271048
0.84749172
0.844331806
0.840091861
0.835526668
0.830748482
0.830358277
0.823467113
0.817013805
0.813726508
0.810729379
0.807056065
0.801932582
0.792573933
0.781537914
0.776610863
0.774709826
0.77860458
0.803408542
0.802641789
0.800599977
0.796307994
0.791206125
0.785896391
0.780990279
0.777085057
0.775832613
0.775355107
0.776305248
0.790181455
0.787204641
0.780349072
0.771249584
0.761582795
0.75438472
0.758817985
0.756199939
0.753533238
0.752358803
0.749932978
0.748325648
0.748233891
0.759615246
0.753665899
0.748083324
0.74788323
0.750644714
0.753247195
0.754911529
0.757633194
0.760847593
0.76271627
0.763481169
0.763887998
0.774337113
0.771397312
0.767658014
0.763824041
0.760598777
0.758477798
0.75700794
0.759492678
0.762607114
0.766194938
0.772240268
0.786759541
0.792342401
0.792114541
0.786563189
0.781188988
0.77716581
0.775335768
0.774357403
0.776811844
0.779772833
0.780325318
0.781420311
0.785900793
0.804746912
0.808206382
0.804594482
0.800463059
0.798178103
0.797282648
0.79670157
0.79736949
0.802902716
0.806976103
0.813562239
0.830150709
0.839337596
0.837119373
0.832916161
0.825119477
0.817691867
0.815314416
0.810393367
0.806826024
0.801779951
0.801275498
0.798880304
0.79760015
0.808884175
0.809534501
0.816503168
0.819939305
0.823144195
0.829199683
0.830482755
0.829036439
0.826965727
0.823565218
0.819175554
0.816480999
0.825527635
0.821885893
0.816148253
0.809939767
0.804763998
0.835134032
0.83226739
0.828820332
0.821232489
0.817114369
0.813225052
0.80967273
0.825992825
0.822583926
0.816921547
0.811083022
0.803314505
0.792844393
0.782308926
0.774400702
0.762298012
0.755809834
0.76797206
0.777296733
0.793657638
0.801784483
0.800461839
0.798121268
0.795138165
0.791694342
0.787851671
0.783642794
0.779053465
0.766306952
0.772636572
0.798260299
0.812905381
0.808517689
0.806009584
0.809541327
0.815923691
0.821253491
0.823775525
0.825850071
0.826158656
0.818982107
0.819351951
0.820231023
0.837988906
0.83982874
0.83997543
0.839670582
0.840416964
0.846338692
0.866378953
0.863289385
0.855061366
0.849191081
0.844544795
0.839631204
0.879112782
0.904653493
0.905476124
0.906874161
0.905533454
0.907242767
0.915537427
0.919760979
0.921618592
0.922328159
0.922703112
0.923371195
0.933476138
0.937505841
0.937174108
0.931753331
0.91517066
0.90228223
0.905133189
0.891372141
0.904418154
0.877251544
0.860086201
0.864464423
0.876788694
0.883886804
0.879201969
0.87148941
0.862959949
0.855812376
0.850699207
0.845639601
0.840738271
0.829384416
0.82066977
0.813488391
0.811366332
0.815848245
0.823885055
0.805459868
0.799541523
0.796062951
0.793195554
0.790768252
0.788488071
0.786521661
0.784672557
0.782823982
0.781834886
0.791688973
0.78970565
0.78704666
0.784478923
0.778975023
0.776994347
0.775143516
0.762470312
0.749948242
0.747716399
0.747200597
0.747701253
0.749015652
0.750894485
0.75399165
0.759732055
0.783258597
0.79345336
0.800089088
0.790542451
0.784639124
0.786387096
0.790686594
0.794673085
0.800247251
0.824309861
0.836417855
0.842577613
0.847140217
0.851181269
0.853425654
0.85428441
0.854814858
0.856182737
0.859699919
0.886549135
0.896982827
0.89969635
0.899580966
0.89655243
0.89123835
0.886958192
0.893911788
0.935181715
0.923802802
0.924947573
0.916513394
0.908949674
0.911368365
0.902690739
0.891884785
0.882202253
0.875258221
0.899929908
0.909915921
0.908153774
0.902620944
0.893953828
0.887389898
0.903848745
0.902757712
0.884418722
0.864756241
0.848678446
0.84129287
0.863599785
0.83988613
0.83018894
0.799452027
0.795662274
0.807612842
0.789288381
0.785141001
0.780494353
0.797113194
0.78763822
0.777373773
0.769150656
0.763716265
0.759673718
0.757258013
0.7535332
0.748838823
0.75824602
0.767376373
0.765776755
0.762594251
0.758514161
0.75419898
0.750297547
0.747451412
0.745602792
0.746239756
0.748266677
0.750744404
0.75225676
0.751877076
0.747673792
0.746717719
0.746829794
0.748579785
0.759887783
0.768615537
0.769157994
0.768481429
0.767023745
0.76526241
0.763412795
0.760769855
0.756643723
0.751936655
0.747597042
0.744604547
0.744647022
0.75983768
0.792262114
0.799051839
0.802050319
0.803470479
0.805493141
0.808482879
0.810553217
0.812196299
0.813950092
0.816351762
0.818268436
0.828422374
0.83757706
0.855162132
0.858415655
0.860218795
0.862313478
0.871534222
0.868867776
0.862123412
0.864683041
0.867305904
0.869444673
0.870650423
0.868814283
0.864472215
0.860366403
0.858096139
0.867006186
0.89803913
0.912123001
0.911782898
0.906460036
0.90012423
0.894545283
0.888600035
0.882779785
0.877740623
0.874750254
0.874422253
0.890361619
0.905862673
0.911387022
0.914040459
0.915491017
0.916033287
0.915089069
0.909769041
0.900610004
0.890002307
0.880451526
0.874457503
0.891882554
0.89522409
0.900050154
0.898813648
0.895894842
0.891533972
0.879708551
0.86974977
0.866549205
0.862939347
0.859342493
0.856352422
0.854564877
0.860563879
0.865591878
0.863444508
0.863652361
0.863672924
0.864451747
0.866976734
0.869326713
0.869325266
0.868509963
0.867932883
0.868622565
0.876039251
0.884065909
0.886903157
0.889131961
0.891068327
0.893020536
0.896640825
0.888576909
0.880691298
0.877351906
0.874749497
0.872379499
0.870353858
0.872799638
0.872094505
0.872273135
0.873171177
0.879555083
0.884921028
0.875046078
0.860311108
0.853286856
0.867742521
0.888741858
0.890819795
0.890011244
0.882173223
0.872691919
0.862462444
0.852389885
0.843390904
0.836091192
0.830453448
0.827284655
0.834145903
0.869325077
0.841528157
0.831352912
0.822505935
0.816771491
0.814474249
0.853947342
0.863815626
0.858057486
0.85159971
0.845761584
0.84249684
0.847379309
0.835847447
0.824297017
0.815279944
0.806957938
0.800733504
0.796422597
0.804973661
0.801887498
0.799394878
0.797702842
0.805582616
0.820232272
0.817469136
0.813282282
0.807998178
0.800017926
0.785685869
0.772524515
0.777904627
0.771869582
0.766210284
0.761429907
0.782248333
0.776836239
0.767481574
0.756114233
0.742211177
0.733667319
0.729909394
0.728916167
0.742216829
0.738840191
0.733989037
0.728753615
0.724227744
0.719491676
0.722504851
0.730667943
0.739808726
0.743484612
0.740825505
0.739410064
0.755159379
0.756179856
0.755758498
0.754788058
0.754133468
0.75467317
0.764865024
0.767903391
0.768971703
0.769818955
0.770711241
0.770808128
0.77107449
0.774503614
0.796944911
0.802500076
0.803358907
0.797161789
0.804437433
0.811729317
0.819715987
0.821136222
0.820530263
0.819839876
0.820381652
0.824622647
0.860907243
0.864750609
0.867147774
0.870324562
0.880233108
0.89039878
0.895534401
0.896916926
0.897911274
0.899675179
0.903106383
0.913306924
0.919523809
0.922455945
0.925793614
0.932846845
0.954064727
0.95708111
0.957810465
0.959571025
0.95942895
0.959246853
0.959510971
0.960498294
0.961406869
0.962298242
0.965360391
0.971415444
0.988846041
0.991943234
0.994258321
0.991388476
0.987740611
0.983659942
0.979492717
0.975585196
0.97228198
0.969673028
0.967944761
0.968349009
0.978942011
0.980014155
0.999228969
0.994806916
0.972894805
0.980686675
0.980276037
0.976285429
0.966514795
0.962899807
0.955536467
0.949341615
0.95490291
0.950034493
0.947313023
0.941693561
0.935951199
0.928692712
0.917117823
0.908265603
0.914788417
0.897374532
0.881593932
0.865179463
0.858040624
0.862625385
0.888837259
0.888650337
0.874566089
0.853519239
0.833154636
0.821445037
0.842102012
0.803388639
0.794431615
0.78854725
0.795946172
0.792605694
0.788567783
0.786590027
0.79205253
0.788256184
0.782655625
0.775558343
0.768476527
0.763219415
0.761595925
0.773553383
0.787148365
0.788494759
0.78788079
0.78647447
0.784614227
0.782663241
0.781015322
0.780071812
0.780272174
0.78168775
0.783848683
0.78628035
0.799341759
0.799340305
0.795998085
0.791927485
0.788623611
0.787559947
0.789713564
0.795266192
0.804084873
0.795369941
0.789436269
0.825526408
0.834390746
0.836932953
0.837684925
0.836954786
0.835487116
0.833855311
0.832769563
0.83603224
0.835583453
0.828243973
0.821752823
0.878910394
0.88311089
0.890327735
0.891946009
0.891079156
0.889473307
0.887946275
0.892140226
0.894302673
0.889054487
0.881280844
0.872759573
0.865035091
0.871739127
0.872512173
0.875220122
0.876956757
0.842343521
0.891787522
0.888305166
0.884524196
0.878421033
0.871258577
0.864171181
0.857633204
0.862556961
0.85938426
0.853809554
0.84852333
0.844629389
0.851762097
0.844945217
0.835931378
0.828106435
0.821717988
0.818964393
0.83975343
0.838260139
0.83501746
0.82820265
0.820025226
0.811569486
0.803925182
0.804408999
0.802643373
0.800460994
0.798657913
0.797849941
0.8233232
0.821659688
0.817377066
0.803645356
0.796083457
0.791256616
0.787476446
0.784364112
0.78322987
0.781693062
0.78147512
0.783334289
0.787393004
0.797190347
0.798726731
0.798921805
0.797971332
0.79634197
0.793521686
0.788551078
0.783071428
0.778531865
0.776273469
0.776539922
0.777626261
0.783268616
0.775711775
0.767704486
0.765723316
0.766670857
0.768333834
0.769218695
0.769644625
0.769979221
0.773166625
0.781498599
0.790574467
0.798436693
0.8057312
0.808184989
0.809800999
0.811167378
0.812505666
0.813867671
0.81553809
0.817391224
0.819309206
0.821174385
0.822827239
0.835405037
0.838710698
0.841663073
0.844164661
0.846995125
0.853668168
0.861653864
0.858171077
0.852954674
0.853124761
0.855287948
0.857705067
0.862129738
0.867488339
0.866222262
0.859380745
0.851886933
0.856318939
0.874796529
0.87708374
0.87763364
0.877909872
0.879306259
0.88407097
0.907025375
0.911837354
0.91606053
0.918617915
0.920044265
0.920127855
0.918854972
0.913489237
0.903155087
0.891258952
0.881158906
0.927249497
0.93429469
0.92465479
0.914648364
0.903053833
0.89396968
0.890682571
0.898636418
0.899657216
0.900147107
0.900343938
0.900229783
0.901047645
0.918860779
0.918193569
0.91856205
0.91598313
0.915133939
0.926645324
0.90856077
0.880904016
0.870422532
0.872053603
0.875731561
0.881296951
0.896579134
0.889711671
0.877524957
0.861712189
0.849516089
0.915051703
0.907252662
0.893354113
0.877535152
0.863044023
0.846372771
0.879533528
0.885064174
0.873982368
0.85974384
0.843973812
0.831123203
0.823709462
0.818680848
0.815744858
0.81483641
0.814050413
0.814604625
0.847644382
0.848923589
0.835850381
0.819801905
0.804646862
0.794314591
0.79444924
0.801919027
0.799067459
0.793629371
0.784201858
0.774319288
0.765948065
0.76570385
0.759928692
0.757254793
0.755712969
0.757401441
0.780721416
0.778385284
0.777178809
0.776536904
0.77476221
0.772987104
0.771498751
0.775184764
0.771659118
0.767969301
0.764412995
0.761674409
0.760977066
0.763768882
0.768707764
0.772148968
0.772664619
0.775171398
0.785488594
0.799356068
0.798360899
0.796675511
0.793448855
0.78998297
0.787064079
0.800417408
0.799479385
0.797874507
0.793154164
0.788494085
0.784751536
0.788724162
0.795978875
0.808277007
0.81736678
0.824802591
0.824686301
0.817797067
0.817766308
0.820694727
0.821378431
0.822631297
0.824559947
0.82818176
0.836093618
0.840323243
0.844283157
0.848532572
0.854711724
0.864957593
0.863538056
0.865925621
0.861910905
0.857667849
0.853968583
0.852353326
0.855996428
0.856420529
0.856602932
0.856672441
0.858466033
0.857826035
0.852611242
0.859568923
0.860749327
0.862771582
0.864456477
0.867705467
0.874696991
0.874912646
0.875093091
0.876596779
0.889118908
0.890354075
0.89117221
0.895934573
0.895504354
0.894452492
0.893089619
0.902187422
0.901291488
0.900779726
0.888557571
0.868615825
0.873385531
0.879857773
0.881909479
0.884881658
0.867880881
0.843270836
0.843712163
0.852116635
0.856827077
0.857825375
0.858298014
0.858352822
0.858106539
0.857672605
0.8571603
0.859486336
0.858281115
0.856978744
0.855633011
0.862810431
0.856974352
0.850350419
0.845601464
0.842822665
0.842122056
0.84947813
0.847559635
0.845722945
0.840584345
0.834676908
0.828850913
0.834464208
0.830062514
0.826606336
0.821167382
0.815750977
0.811224131
0.808409345
0.806964684
0.807460282
0.807692129
0.80757205
0.810497333
0.826373926
0.829168248
0.828566042
0.82984955
0.832036498
0.834894864
0.838686837
0.845652466
0.854142491
0.855546063
0.851941521
0.858848671
0.867362699
0.868143076
0.869507493
0.869242923
0.868457038
0.867589188
0.86707425
0.867329435
0.870152995
0.869467508
0.869086561
0.872908935
0.885862876
0.884696061
0.876716602
0.864578712
0.851567292
0.843726316
0.838343715
0.833825634
0.831137052
0.829406239
0.828816313
0.852249268
0.864511073
0.862598727
0.859943817
0.855170378
0.849356269
0.842912741
0.836483056
0.830891193
0.829226689
0.825737435
0.823344516
0.842472656
0.847349127
0.844734041
0.840322218
0.834924452
0.829351627
0.824358752
0.818764902
0.812007607
0.806438563
0.800388406
0.796996935
0.798550386
0.814286119
0.816662204
0.817452852
0.817192901
0.816184427
0.814732816
0.81328285
0.812370768
0.809371559
0.802479415
0.797170522
0.797233097
0.798189409
0.797164746
0.795314103
0.794634264
0.794111978
0.793370878
0.793379096
0.798859346
0.804550374
0.807914914
0.811774233
0.825379475
0.824766341
0.823286998
0.820604289
0.814868695
0.80824495
0.802333069
0.804580398
0.803556834
0.802947186
0.801247696
0.800165189
0.810061862
0.819183564
0.819503177
0.818129123
0.815996901
0.81386452
0.812690355
0.813430933
0.815660566
0.817410321
0.823026887
0.826674207
0.83047002
0.839364486
0.836302827
0.831389565
0.832242481
0.832566985
0.832677112
0.832739457
0.833063689
0.835250864
0.836339766
0.837615544
0.83899299
0.835822637
0.828266072
0.823859229
0.819301459
0.814917859
0.833583466
0.829726736
0.822764497
0.813743654
0.807043766
0.803216938
0.803654085
0.807214968
0.816843359
0.81939876
0.821604692
0.823321985
0.824459157
0.824916696
0.824602119
0.823393736
0.819827259
0.814847675
0.81162607
0.814990389
0.822578061
0.82043557
0.8174717
0.814221834
0.811497296
0.809303124
0.807395677
0.804227412
0.798591807
0.792101189
0.786111086
0.780980733
0.783404333
0.774223855
0.773463438
0.773475224
0.782164117
0.789364717
0.800574019
0.801336064
0.79986501
0.798528321
0.797535965
0.79762994
0.798604842
0.799626287
0.800748562
0.802030774
0.803211396
0.806509771
0.811976281
0.809105077
0.804214202
0.799117168
0.794910562
0.792660257
0.792158921
0.792721659
0.794083384
0.795995807
0.798193348
0.800316348
0.812145465
0.810766825
0.80143673
0.7906024
0.787711004
0.805449265
0.809891373
0.812168036
0.814382698
0.816567734
0.818741418
0.820846843
0.826309596
0.858043521
0.86049716
0.857343711
0.854698299
0.855923177
0.863855435
0.874474548
0.884871535
0.887702146
0.888622414
0.887489148
0.88520855
0.882324967
0.879700693
0.879272803
0.882802627
0.909952964
0.913580657
0.917439878
0.916283362
0.919228354
0.925713358
0.952003967
0.955083318
0.956093783
0.955996374
0.953015979
0.948167387
0.951409935
0.968622458
0.991314332
1
0.992433139
0.969482531
0.977987242
0.971364268
0.959645208
0.945916635
0.93340502
0.925526495
0.929027844
0.944597931
0.957431922
0.958268709
0.957030094
0.954129798
0.948604727
0.928579316
0.901395934
0.87808804
0.870600054
0.875908293
0.92996066
0.930361878
0.922705769
0.90384399
0.885402869
0.8714406
0.86362593
0.858263429
0.854650767
0.851290683
0.84717851
0.844806648
0.881972129
0.866267959
0.849995527
0.837902269
0.827162637
0.820999636
0.827351097
0.823157675
0.819328778
0.813633424
0.808535328
0.810868883
0.807598315
0.812420735
0.805155252
0.797240687
0.792139781
0.790335489
0.799730506
0.802001966
0.804203467
0.810392889
0.812843874
0.81411997
0.812913001
0.820446892
0.823662054
0.827903942
0.826709221
0.824950669
0.82302242
0.816080639
0.808154982
0.811825066
0.820211677
0.828436088
0.8325974
0.839740356
0.842844885
0.837722086
0.832462592
0.829036525
0.856861218
0.859468689
0.86180445
0.863590563
0.864857571
0.865638216
0.865966503
0.865490091
0.843726818
0.84198963
0.843066397
0.845089667
0.848224074
0.853958131
0.860424502
0.866845108
0.872488226
0.876362682
0.862859894
0.895629561
0.900021836
0.8937796
0.886261752
0.879052307
0.87380113
0.872089852
0.872595561
0.871837682
0.868595155
0.873527801
0.874989653
0.865049832
0.868312366
0.875180872
0.878398141
0.881549738
0.901174589
0.897871616
0.898901194
0.886088581
0.872671327
0.871372734
0.865828042
0.872045153
0.867361818
0.86108808
0.854672424
0.850166281
0.873656195
0.883751978
0.889568601
0.889116009
0.88211797
0.875606201
0.87140599
0.878583525
0.877426279
0.871039467
0.860802707
0.851707822
0.845596441
0.843993303
0.844952445
0.846367998
0.848584686
0.85085819
0.852519127
0.866078272
0.864367054
0.858234314
0.852305313
0.849218691
0.849441521
0.849585102
0.848891847
0.845509468
0.840282665
0.837194781
0.836356858
0.844832769
0.846849094
0.847855933
0.849693448
0.852110496
0.860300129
0.878372439
0.876894221
0.871672697
0.865282775
0.858573604
0.85396077
0.852019312
0.851400943
0.850798564
0.851560407
0.853308128
0.856923922
0.87129766
0.874707956
0.877580857
0.880143197
0.882731084
0.892122223
0.894409287
0.885153621
0.87081802
0.85610034
0.847114303
0.851482383
0.862049387
0.859758652
0.854009552
0.847267157
0.841979194
0.840071456
0.844014036
0.839158183
0.829922658
0.806128984
0.795461763
0.78814998
0.791221472
0.790604299
0.790623338
0.795165293
0.8035952
0.802812044
0.800152203
0.794180119
0.786056073
0.777239808
0.76927684
0.763797046
0.773054964
0.76750788
0.760466656
0.753282483
0.747375486
0.744223907
0.748376374
0.763520196
0.778916287
0.784915646
0.780916078
0.772574433
0.771805914
0.760552221
0.747861801
0.736892262
0.731632778
0.746843106
0.755475477
0.749859483
0.750683749
0.748379021
0.739997701
0.734346584
0.736049877
0.738883113
0.742794428
0.74801378
0.763789738
0.775077753
0.784118289
0.784321347
0.782862124
0.780855017
0.779421405
0.779691548
0.782062466
0.785220587
0.789751456
0.794128148
0.797399065
0.798223216
0.799647403
0.790688381
0.780584221
0.77315187
0.767386207
0.778629144
0.781943142
0.783442407
0.784826226
0.786644379
0.789760775
0.794480529
0.802007093
0.798911422
0.797142606
0.79953012
0.80230951
0.804805401
0.806576168
0.80969058
0.81196613
0.814138452
0.816614162
0.823558568
0.835306266
0.839365091
0.840573322
0.842589789
0.845270052
0.854235782
0.846905491
0.837287029
0.826047566
0.816178724
0.810362153
0.822661856
0.834751766
0.841744606
0.844497271
0.847775468
0.850769934
0.853581267
0.855476754
0.854233453
0.853270888
0.855753537
0.85834724
0.860796274
0.87066771
0.878417553
0.878657509
0.878872866
0.880413647
0.917711898
0.93029273
0.926864666
0.920951837
0.913381665
0.90497731
0.89655781
0.892791929
0.900398414
0.893772692
0.88790573
0.883508558
0.880855263
0.878402072
0.87623956
0.874753048
0.874340121
0.875313176
0.890815317
0.878472075
0.868001645
0.865431063
0.865582547
0.866227435
0.868283001
0.872908437
0.878340838
0.885118862
0.89160211
0.897533127
0.897173477
0.897030585
0.895922671
0.90106423
0.896059263
0.889629618
0.882553257
0.875603345
0.871071792
0.872244297
0.863974573
0.842635329
0.842068938
0.852867396
0.853725232
0.846661726
0.839014603
0.832169991
0.826795421
0.827667067
0.821636135
0.815661838
0.810797903
0.806454903
0.803813159
0.811375951
0.818959963
0.822290548
0.82463349
0.822085563
0.845150248
0.842729246
0.841158522
0.839142542
0.835231381
0.831980301
0.830002056
0.840562849
0.838347635
0.832724901
0.826409647
0.820807177
0.817202077
0.81744068
0.822272399
0.827210285
0.8287076
0.830482179
0.848512524
0.838169831
0.848504585
0.854217944
0.855624828
0.856515286
0.857837906
0.867467817
0.871895771
0.876090316
0.877314906
0.880191581
0.883458653
0.885504384
0.886118945
0.884699556
0.883050396
0.883267079
0.914845453
0.918615227
0.916049093
0.913401918
0.907757042
0.901500102
0.895483789
0.890546572
0.887219178
0.885045055
0.883652704
0.884995559
0.928506736
0.925752252
0.920134537
0.913576777
0.906741702
0.902252833
0.914459345
0.927944079
0.930946823
0.930014559
0.92755487
0.924156759
0.920295512
0.916098208
0.911503462
0.905973042
0.902041193
0.899516934
0.896850579
0.907154949
0.906984646
0.93756303
0.924515762
0.903380487
0.891290783
0.885966942
0.881738381
0.876781142
0.867866452
0.846953526
0.850595748
0.854952244
0.841850409
0.832599218
0.82555791
0.818324443
0.808346779
0.793712712
0.781919609
0.779291236
0.783360974
0.808366931
0.800151554
0.822545116
0.820712571
0.78631824
0.774041283
0.770827937
0.773560744
0.776263792
0.77436754
0.763620033
0.737518011
0.73213144
0.77261812
0.787923683
0.783738461
0.76138232
0.74425141
0.739983086
0.778133741
0.771810437
0.758969678
0.732168598
0.716622247
0.708959186
0.717090553
0.741232483
0.744232619
0.738014298
0.736797749
0.734601157
0.721461757
0.724704848
0.727114348
0.723251749
0.722842525
0.723168021
0.723153974
0.742834578
0.749505087
0.752530317
0.753850822
0.753594396
0.749258006
0.747551937
0.743177638
0.73811783
0.733787988
0.731140426
0.72998899
0.739498247
0.74251311
0.744451186
0.745976794
0.747085421
0.747772575
0.748034229
0.746737373
0.736149972
0.73285603
0.734527379
0.756442188
0.756452318
0.75770072
0.756602421
0.755445952
0.75490232
0.755605519
0.78840455
0.791014329
0.792762223
0.793810499
0.794316945
0.793622714
0.791663627
0.790694209
0.78538928
0.782287747
0.78162981
0.779180578
0.771606576
0.777361682
0.766377207
0.75696833
0.765212135
0.76396612
0.760833798
0.756613158
0.751967814
0.747543878
0.743964569
0.741822475
0.753539392
0.753848062
0.753568309
0.754806206
0.755389229
0.755822653
0.756125338
0.756261904
0.756153094
0.755672914
0.754736129
0.731945768
0.736546879
0.735154869
0.725345482
0.7217234
0.719210025
0.725058607
0.726742503
0.720856386
0.711190021
0.708971225
0.710747662
0.710280552
0.71839931
0.700784625
0.693877061
0.688737123
0.691404793
0.694403218
0.699152125
0.713892636
0.746156726
0.752359277
0.748496176
0.751864233
0.767441102
0.756331791
0.751787755
0.753089569
0.755876304
0.760193398
0.765395458
0.773165991
0.796689589
0.80162027
0.803611001
0.805115026
0.820158665
0.823936611
0.827305555
0.829547468
0.830017663
0.8269527
0.818569096
0.820081435
0.82471125
0.831693677
0.839166474
0.845377149
0.853552417
0.85508784
0.882328509
0.890677904
0.891994509
0.890263355
0.881447275
0.883557923
0.897849939
0.901036219
0.903554282
0.908128773
0.924686498
0.928042689
0.931792481
0.929266079
0.927646537
0.929362426
0.949330542
0.94976831
0.951862598
0.949531482
0.946085451
0.942268518
0.943022256
0.937432821
0.937038553
0.930430174
0.924665346
0.920920468
0.919688167
0.919616901
0.924309861
0.926376204
0.92972673
0.934770428
0.961269992
0.958736601
0.957349461
0.9498085
0.939956339
0.935685102
0.931562062
0.927878647
0.924715479
0.922432096
0.921379735
0.921790971
0.951140815
0.952364994
0.95055242
0.932893032
0.903383456
0.88858835
0.908613902
0.909129894
0.906461924
0.901920868
0.896438643
0.890258697
0.897505518
0.889019588
0.877288712
0.862560285
0.848437185
0.86339172
0.861436719
0.859154932
0.85673601
0.854335387
0.851748492
0.849400782
0.857454375
0.856181136
0.850215611
0.84204824
0.822543399
0.868752855
0.86138096
0.847981983
0.831501619
0.81454496
0.799745633
0.789481127
0.791586029
0.788252968
0.781755551
0.778567456
0.782396407
0.819649799
0.813276936
0.803142662
0.791860588
0.784626234
0.777650489
0.765746883
0.782270043
0.785699858
0.790662204
0.795309284
0.797917681
0.796856663
0.791680757
0.784142909
0.776132181
0.769505231
0.76628054
0.767515269
0.77154536
0.780289862
0.784967171
0.786888641
0.787458438
0.785844124
0.780983915
0.774098258
0.766668584
0.760203852
0.75624027
0.755577548
0.767209416
0.767257867
0.770072847
0.770308651
0.770076697
0.769490135
0.768780936
0.768860854
0.770130151
0.772208883
0.7744992
0.77688071
0.789919492
0.788154035
0.785687681
0.779894915
0.77512686
0.772685438
0.77078127
0.769621725
0.77169563
0.771881917
0.773505298
0.793284866
0.807750241
0.809995069
0.81227996
0.811857223
0.811187284
0.811122012
0.812736011
0.821348724
0.823989609
0.810021884
0.794340812
0.830812064
0.844243733
0.845032004
0.861770169
0.872693662
0.876101223
0.875362599
0.865035015
0.862108596
0.865341099
0.867767016
0.871374058
0.875704983
0.894269232
0.897956516
0.901141146
0.903801466
0.905962247
0.907701223
0.909092932
0.910207306
0.914550315
0.91463042
0.914409448
0.913950084
0.912722621
0.911045607
0.907759037
0.904525622
0.901607001
0.899264934
0.923472085
0.929854021
0.932167996
0.929361898
0.926557517
0.924030942
0.921969506
0.924006938
0.919443402
0.914896309
0.9108806
0.907911404
0.931663694
0.92136625
0.91294372
0.89921454
0.888758075
0.885555857
0.903754975
0.90136391
0.89339442
0.885158223
0.878376015
0.88150686
0.877135445
0.869190934
0.865525833
0.856403116
0.850199242
0.861374646
0.871170902
0.883004689
0.888658229
0.889620362
0.887569935
0.893145765
0.883486562
0.865491235
0.851433339
0.838213263
0.836093436
0.872338946
0.852336959
0.836519354
0.826672911
0.828057597
0.829804789
0.828746384
0.818700289
0.803090188
0.789347832
0.781573156
0.783314776
0.803065758
0.801842222
0.811759501
0.806394718
0.799355896
0.791794511
0.7849125
0.780020771
0.776697031
0.77359202
0.770894221
0.768791475
0.767471139
0.767121431
0.776915238
0.770256607
0.763434025
0.757282238
0.77869978
0.776529578
0.775375014
0.77384154
0.772174047
0.770614348
0.769399201
0.768758711
0.756721265
0.755551144
0.755647522
0.756853694
0.771866105
0.775270222
0.77792087
0.804712919
0.810276952
0.80739653
0.800969213
0.80342644
0.810643344
0.83736907
0.840950865
0.839634582
0.840031466
0.840211103
0.843917213
0.855902105
0.875408998
0.876812189
0.876318573
0.876315477
0.870828956
0.876079574
0.880409376
0.889280786
0.895153721
0.886156302
0.882121903
0.889076404
0.898417978
0.907261846
0.912767358
0.918847365
0.911516198
0.909695764
0.911932525
0.916686564
0.922255017
0.929791668
0.937308296
0.940625678
0.940702151
0.940857144
0.942306135
0.95380328
0.958035234
0.957791018
0.965720461
0.964878084
0.96281497
0.959894462
0.956008877
0.950645059
0.9426045
0.912940233
0.898777581
0.936430941
0.935245934
0.937616063
0.933824628
0.929187479
0.924052888
0.91877063
0.913428094
0.906177844
0.897476293
0.887677888
0.886496787
0.904443921
0.898246504
0.888453785
0.878898427
0.869272486
0.863833678
0.882394643
0.882828858
0.876953594
0.867189465
0.857348912
0.851775617
0.850163259
0.854244792
0.851694905
0.842268997
0.836027554
0.832747954
0.830140597
0.827542315
0.824323958
0.816760776
0.807382653
0.814749636
0.808413955
0.801449481
0.795767791
0.796066211
0.797234773
0.798606697
0.799605339
0.800120383
0.80121926
0.803150787
0.805378148
0.808663448
0.814001488
0.828482335
0.83209177
0.832546099
0.833550042
0.834076136
0.834231983
0.825279804
0.806964131
0.804763055
0.806581205
0.809166787
0.812290051
0.816110456
0.830589571
0.834887096
0.835993799
0.836512224
0.836466438
0.835897612
0.834857825
0.831027518
0.825870557
0.839390402
0.848044443
0.857556835
0.862210659
0.860777377
0.861601681
0.863802106
0.873788637
0.877583751
0.878478205
0.878118699
0.876935202
0.875443898
0.874224387
0.88368245
0.890145556
0.892654099
0.892642345
0.892816322
0.898542007
0.888831888
0.876911139
0.859426734
0.835711899
0.838926173
0.87031325
0.881036996
0.886196384
0.88567936
0.884615137
0.883214689
0.881662923
0.880130051
0.880244898
0.878635376
0.8721191
0.871401937
0.868376092
0.871051302
0.863174724
0.853304395
0.845361965
0.850605729
0.868964282
0.866128241
0.864148766
0.859205481
0.85363623
0.847759003
0.842033173
0.847378282
0.842943951
0.837208403
0.831932
0.82800558
0.825470239
0.824521304
0.829479735
0.836988912
0.840138431
0.843564267
0.858954201
0.859654091
0.859639948
0.857658356
0.855162349
0.853456133
0.852545674
0.864733828
0.879337239
0.870932268
0.849392393
0.848859306
0.893589878
0.890868203
0.896564682
0.899549095
0.899374572
0.895939879
0.902986268
0.908604795
0.911818987
0.906780011
0.901911876
0.910433379
0.907794331
0.907187455
0.910034604
0.914580377
0.915077629
0.910302176
0.905833235
0.912062555
0.918088916
0.915449439
0.909191063
0.898684035
0.890579167
0.889157993
0.896275033
0.897759093
0.896017433
0.891838454
0.912285992
0.904215965
0.9056723
0.900406028
0.894325083
0.886972545
0.877982866
0.875722395
0.870156635
0.871933676
0.867388288
0.863334567
0.870810829
0.869959569
0.870241257
0.866749695
0.863271624
0.864627369
0.875818099
0.874369539
0.859028177
0.841929299
0.833023851
0.83572946
0.84080833
0.84398416
0.845846769
0.847335019
0.849139329
0.851973832
0.856304324
0.865937563
0.883265766
0.886360949
0.882872284
0.877748557
0.871768902
0.863207339
0.853640235
0.844816285
0.837923759
0.835157093
0.843182655
0.865589186
0.883414028
0.882812272
0.872984626
0.859092597
0.846069144
0.838735112
0.835697644
0.832927556
0.834723546
0.833377813
0.833629533
0.84446125
0.852681667
0.848110453
0.842436064
0.845246603
0.847110294
0.850714708
0.8438945
0.83609489
0.831215612
0.830059467
0.833274961
0.841631705
0.833091194
0.820373616
0.829140099
0.834053865
0.843377263
0.842469454
0.835159421
0.817133679
0.806621542
0.813657312
0.812291576
0.809002147
0.806707928
0.793951874
0.800250939
0.801182102
0.802588743
0.806838207
0.811327457
0.80970467
0.806863606
0.805484186
0.801194688
0.800846319
0.816442243
0.756741198
0.799072426
0.842606856
0.842122356
0.854015298
0.847361486
0.807804166
0.7913203
0.790205926
0.791918717
0.825845646
0.822646331
0.799539145
0.794317198
0.79291205
0.796201104
0.82622563
0.841598439
0.834223678
0.824637799
0.817568031
0.820859141
0.844355051
0.85327046
0.847754509
0.856962372
0.861078678
0.864402036
0.875583203
0.878099232
0.874315135
0.874370821
0.876550101
0.872033468
0.876569063
0.874856108
0.871343822
0.866849835
0.862302993
0.858742901