0.299937861
0.292727816
0.290155233
0.288427273
0.287699832
0.291208819
0.300241407
0.30768118
0.308324407
0.306871131
0.304585105
0.301963493
0.299503459
0.297702168
0.297054147
0.297146897
0.297398066
0.297797444
0.298334818
0.298999978
0.299782712
0.30067281
0.301660059
0.302734248
0.303885167
0.305102604
0.306376348
0.307696187
0.30905191
0.310433306
0.311830163
0.313232271
0.314629418
0.316011392
0.317367983
0.318688979
0.319964169
0.321183342
0.322336286
0.323412789
0.324402642
0.325492096
0.326606968
0.327279076
0.326863092
0.324903167
0.321971457
0.31868891
0.315676476
0.313555104
0.313386612
0.320105006
0.318636077
0.315405809
0.311488189
0.307957204
0.305886842
0.306863987
0.311521096
0.316138289
0.317061695
0.315421028
0.313079399
0.311326755
0.310082977
0.308862368
0.307741435
0.306796684
0.306104621
0.305741753
0.305971134
0.307422934
0.309706637
0.312325584
0.314783118
0.316582579
0.317225514
0.315905735
0.312801521
0.308723979
0.304484215
0.300893337
0.298762451
0.302051265
0.303640639
0.291866807
0.287503958
0.296202082
0.308315016
0.314357463
0.310404276
0.302735144
0.297343527
0.297303336
0.298364829
0.300174221
0.304252545
0.309995241
0.312680919
0.314541958
0.316200726
0.318279594
0.321400932
0.328536594
0.32738325
0.323253026
0.317844459
0.312661483
0.309208028
0.308681077
0.309557455
0.311266368
0.313688486
0.316704479
0.320195017
0.324040771
0.331216421
0.322023724
0.303583697
0.30365884
0.313801671
0.326979353
0.337519267
0.340160334
0.33803949
0.334229139
0.329910754
0.326265809
0.324475778
0.330377375
0.333253618
0.334512611
0.335278612
0.336066386
0.337390701
0.340513477
0.347060578
0.351066258
0.354632315
0.357534621
0.359549048
0.360451469
0.359147131
0.355051454
0.350525978
0.347574462
0.3452999
0.34323608
0.341145632
0.338717311
0.336087529
0.333518867
0.331273908
0.329615232
0.328805421
0.329177973
0.330790538
0.333161503
0.335791921
0.338182844
0.339835325
0.340141193
0.336675232
0.331567916
0.328774317
0.329594849
0.331861831
0.334946006
0.338223562
0.341070688
0.342863574
0.34312743
0.342670161
0.341769959
0.340479806
0.338852685
0.336941578
0.334799467
0.332479336
0.330034166
0.32751694
0.324980641
0.32247825
0.32006275
0.317787124
0.315704354
0.313867422
0.312329312
0.311143004
0.310361483
0.310037729
0.310300829
0.311165344
0.312388648
0.313724623
0.31496917
0.316243224
0.317636414
0.319209122
0.321021731
0.323140553
0.326943994
0.331602584
0.334426273
0.331765329
0.323785644
0.316844826
0.315804973
0.315925321
0.316156529
0.316492458
0.31692697
0.317453926
0.318067187
0.318760615
0.31952807
0.320363415
0.321260509
0.322213216
0.323215395
0.324260908
0.325343617
0.326457383
0.327596066
0.328753529
0.329923633
0.331100238
0.332277206
0.333448399
0.334607677
0.335748902
0.336865936
0.337952639
0.339002872
0.340010498
0.340969377
0.341880757
0.342993881
0.344070652
0.344611345
0.344244168
0.343143086
0.341618551
0.339980784
0.338540009
0.337606447
0.337623989
0.339613728
0.342121844
0.343098153
0.337007146
0.326761202
0.320274487
0.322968828
0.330429088
0.336630721
0.337223434
0.335879595
0.333069613
0.322544551
0.297680217
0.309074954
0.317228003
0.316363574
0.314391535
0.311975569
0.309213725
0.305566987
0.301667143
0.298067727
0.29454475
0.291023016
0.287460398
0.283268016
0.278616642
0.274006466
0.269937681
0.266910475
0.265425042
0.266864931
0.271697669
0.276091334
0.276695507
0.275238371
0.272529424
0.268336173
0.258884438
0.25352147
0.250940013
0.251594449
0.253404788
0.255868899
0.258489616
0.260769775
0.262212214
0.262443079
0.262180695
0.261657013
0.260898161
0.259930271
0.258779471
0.257471893
0.256033665
0.254490917
0.25286978
0.251196383
0.249496857
0.24779733
0.246123933
0.244502796
0.242960049
0.241521821
0.240214242
0.239063443
0.238095553
0.237336701
0.236813019
0.236550635
0.236550782
0.236728606
0.237095053
0.23767406
0.238489563
0.239565499
0.240962769
0.24802273
0.242681216
0.235423425
0.235244726
0.235882953
0.236949519
0.238384738
0.240128925
0.242122396
0.244446693
0.249237407
0.255182455
0.259585058
0.262272718
0.264796009
0.267042756
0.268900784
0.270257916
0.271001978
0.270459857
0.266192925
0.26128734
0.259859802
0.266757432
0.277009695
0.28262937
0.28029022
0.275231156
0.271419207
0.273700864
0.28316998
0.292239735
0.293710897
0.290097479
0.285750715
0.284237692
0.290318781
0.299924028
0.305634153
0.303595932
0.298569483
0.294581901
0.295153464
0.299758584
0.306126879
0.312885077
0.316382456
0.305438633
0.298498759
0.298837197
0.299701821
0.301040785
0.302802244
0.307800929
0.316001135
0.316854646
0.314979536
0.312659694
0.311111765
0.310138019
0.309370089
0.308689551
0.307977986
0.307116969
0.30598808
0.304016037
0.300547666
0.296250453
0.291830228
0.287992819
0.285444055
0.285023981
0.288878346
0.294302746
0.297053843
0.296290136
0.294158521
0.29089826
0.28267742
0.27692875
0.273102515
0.270007599
0.267742199
0.266404507
0.266196249
0.269413002
0.274206351
0.276866657
0.275851029
0.273289412
0.270437314
0.268222137
0.266170172
0.263948628
0.261080585
0.256597871
0.252422113
0.250942022
0.251408035
0.252400972
0.253671107
0.254968712
0.25604406
0.256647422
0.256380942
0.254792061
0.252339927
0.249552523
0.246957834
0.245083842
0.244603516
0.250932993
0.250825422
0.250542315
0.250136227
0.249659714
0.249165332
0.248705637
0.248333185
0.248100531
0.248092592
0.248800515
0.250301334
0.252525793
0.259450103
0.262227715
0.264519807
0.266299482
0.267523832
0.268149946
0.267537644
0.263693746
0.259465714
0.25820421
0.259350889
0.261293637
0.263168731
0.264631429
0.26607415
0.267718245
0.269809447
0.272455222
0.275528246
0.278893528
0.282416076
0.285960898
0.289393001
0.292577393
0.295379084
0.29766308
0.299443921
0.300959115
0.302367725
0.303743031
0.304973808
0.306189466
0.307538136
0.309144665
0.310854878
0.312739941
0.314968537
0.317709352
0.32113107
0.328244414
0.327754397
0.324339512
0.319738785
0.315241174
0.31213564
0.31167647
0.314058099
0.318332961
0.323507233
0.328587091
0.332578714
0.334488278
0.33447591
0.334255159
0.333878396
0.333354414
0.332692004
0.331899959
0.33098707
0.329962128
0.328833927
0.327611257
0.32630291
0.324917679
0.323464355
0.32195173
0.320388596
0.318783744
0.317145967
0.315484057
0.313806805
0.312123002
0.310441442
0.308770915
0.307120214
0.305498131
0.303913457
0.302374984
0.300891503
0.299471808
0.29812469
0.29685894
0.29568335
0.294606713
0.293637819
0.292785462
0.292058432
0.291465522
0.291015524
0.290717228
0.290579428
0.290576279
0.290603121
0.290648649
0.290709008
0.290780347
0.290858813
0.290940554
0.291021717
0.29109845
0.2911669
0.291223214
0.29126354
0.291284026
0.291068788
0.289941412
0.288128398
0.285943539
0.283700629
0.28171346
0.280295825
0.279761547
0.280545433
0.282432126
0.284776711
0.28693427
0.288259885
0.288289338
0.287573563
0.286436441
0.285126555
0.283892486
0.282982817
0.282646773
0.283431584
0.285324059
0.287825249
0.290436208
0.292657988
0.293991641
0.294014178
0.292983303
0.291302646
0.289344575
0.287481458
0.286085662
0.285529556
0.287669235
0.292258219
0.29639238
0.298138588
0.299074892
0.300274676
0.304238735
0.309457441
0.311048536
0.311946592
0.31266688
0.31372467
0.315635232
0.32267237
0.316674841
0.305421799
0.306012826
0.31327379
0.322550987
0.329851876
0.330802078
0.322134484
0.317310614
0.321213183
0.328561666
0.335994197
0.340148905
0.339869431
0.338447913
0.336532763
0.334660537
0.333367793
0.333107289
0.333311623
0.333770656
0.334503786
0.335530409
0.336869925
0.33854173
0.34493705
0.346892362
0.347891914
0.34875382
0.349487223
0.350101268
0.350605098
0.351007858
0.351318692
0.351546745
0.351701159
0.351791079
0.35182565
0.351807498
0.35172709
0.351584989
0.351382216
0.351119787
0.35079872
0.350420035
0.349984748
0.349493878
0.348948444
0.347813725
0.345895624
0.343744056
0.341536577
0.338729589
0.335645588
0.33266113
0.33015277
0.328497062
0.328109366
0.330021479
0.332903208
0.334525551
0.331481582
0.324209655
0.317244464
0.313534947
0.310381133
0.307478838
0.304829025
0.302432658
0.300290698
0.298404109
0.296773852
0.295400891
0.294286189
0.29335278
0.29247752
0.29165615
0.290885855
0.290163818
0.28948722
0.288853246
0.288259078
0.2877019
0.287178894
0.286687243
0.286224131
0.28578674
0.285372253
0.284977855
0.284600726
0.284238051
0.283887013
0.283544794
0.283208578
0.282875548
0.282542886
0.282207776
0.281867401
0.281518943
0.281159586
0.280786513
0.280396907
0.279987951
0.279556827
0.279100719
0.278616811
0.278102284
0.277554322
0.276970108
0.276346825
0.275681656
0.274971784
0.274214392
0.27337668
0.27238821
0.271268733
0.270042893
0.268735334
0.267370698
0.265973631
0.264568775
0.263180775
0.261834273
0.260469828
0.258997904
0.257435753
0.255801096
0.254111653
0.252385147
0.250639298
0.248891827
0.247160457
0.245462907
0.2438169
0.242240156
0.240750398
0.239365345
0.238102719
0.236980242
0.236015634
0.235226617
0.234630913
0.234233067
0.233890612
0.233564505
0.233260283
0.232983483
0.232739644
0.232534302
0.232372995
0.232261262
0.232204639
0.232896336
0.236463817
0.240589685
0.242620045
0.243407097
0.24387119
0.24420148
0.244587121
0.245217267
0.246281072
0.252416645
0.250459177
0.241280859
0.239475173
0.239971645
0.240908664
0.2422333
0.243892624
0.245833706
0.248003617
0.252585403
0.259443758
0.264698026
0.266365425
0.267616394
0.268683252
0.269561786
0.270247778
0.270737015
0.271025281
0.271029336
0.264491792
0.258182656
0.26241732
0.271902695
0.279141742
0.279401003
0.277767456
0.275291774
0.272501941
0.269925942
0.26809176
0.267758503
0.274136937
0.276804856
0.279045575
0.280797959
0.282000873
0.282593182
0.282503459
0.281764045
0.28061258
0.279298793
0.27807241
0.27718316
0.276880698
0.277305931
0.278271829
0.279529812
0.280831296
0.2819277
0.282570442
0.282375508
0.280777319
0.278225507
0.275279381
0.272498252
0.270441429
0.269683481
0.276814306
0.276877441
0.276877441
0.276877441
0.276877441
0.276877441
0.276877441
0.276877441
0.276877441
0.276765963
0.274541557
0.271343213
0.269668207
0.26968462
0.269736239
0.269820017
0.269933709
0.270075075
0.270241868
0.270431847
0.270642768
0.270872388
0.271118463
0.271378749
0.271651004
0.271932984
0.272222446
0.272517146
0.272814841
0.273113287
0.273410242
0.273703461
0.273990702
0.27426972
0.274538274
0.274794119
0.275035011
0.275258708
0.275462966
0.275645542
0.275804192
0.275936674
0.276040742
0.276114156
0.276154669
0.27567924
0.270553331
0.263947046
0.261042443
0.263296192
0.267465616
0.270807464
0.272008795
0.272709289
0.273167279
0.273588103
0.274177095
0.275139591
0.277456025
0.283075791
0.284966355
0.286610733
0.28803048
0.289247152
0.290282305
0.291157495
0.291894277
0.292514207
0.293038841
0.293489735
0.293888444
0.294256603
0.294611383
0.294953121
0.295279026
0.295586305
0.295872168
0.296133821
0.296368472
0.296573331
0.296745604
0.296882501
0.296981229
0.297038995
0.297029731
0.296173256
0.294292438
0.291663753
0.288563677
0.285268686
0.282055255
0.279199861
0.276978978
0.275669082
0.276029957
0.281101722
0.287336472
0.289833462
0.28836145
0.2851607
0.281042825
0.27681944
0.27330216
0.271302599
0.272163956
0.276745157
0.281425336
0.282637243
0.282519587
0.282267727
0.281888396
0.281388331
0.280774263
0.280052929
0.279231063
0.278315399
0.277312672
0.276229615
0.275072965
0.273849454
0.272565818
0.27122879
0.269845106
0.2684215
0.266964706
0.265481459
0.263978493
0.262462543
0.260940342
0.259418627
0.25790413
0.256403587
0.254923732
0.253464544
0.251872514
0.250086012
0.248111082
0.245557926
0.242278528
0.238728587
0.235364246
0.232641652
0.231016947
0.232627754
0.23738179
0.23951784
0.241261164
0.2425704
0.243404188
0.243721166
0.243334571
0.24222198
0.24069214
0.239055273
0.237621601
0.236701348
0.236584082
0.237199332
0.238281572
0.239581075
0.240848113
0.24183296
0.242285886
0.240529339
0.236165014
0.232614778
0.23233629
0.233072652
0.234229333
0.235560214
0.236853674
0.238582919
0.240674515
0.242730306
0.244352137
0.245141851
0.243606964
0.239292153
0.235605924
0.236283875
0.242424836
0.249004992
0.250908577
0.250493047
0.249683291
0.248635749
0.247506858
0.246453058
0.245630788
0.245196485
0.245466132
0.246786214
0.248670599
0.250581855
0.251982551
0.252348729
0.251702034
0.250421655
0.248819752
0.247208484
0.24590001
0.245206491
0.245354709
0.246144437
0.24732071
0.248634947
0.249838564
0.250682981
0.250899034
0.249625212
0.246988405
0.243643895
0.240246962
0.237452887
0.235916953
0.241941792
0.245005287
0.244050593
0.242439019
0.240406853
0.238190382
0.236025894
0.234149678
0.23279802
0.23220721
0.233018913
0.235588289
0.239240427
0.245486084
0.247949108
0.247243249
0.246015592
0.244449868
0.242729809
0.241039147
0.239561614
0.238480942
0.237980863
0.240170959
0.246475184
0.252452747
0.254680079
0.256098053
0.257303355
0.258275343
0.258993374
0.259436806
0.25958376
0.256903751
0.251786401
0.248227351
0.250431874
0.257733907
0.26425679
0.264989764
0.262825459
0.260393914
0.259613802
0.260367975
0.262029831
0.264444121
0.267455595
0.270909004
0.274649096
0.278520622
0.282368333
0.286036979
0.289371309
0.29230465
0.295623543
0.299140775
0.302338078
0.304697179
0.305699809
0.302369747
0.2948219
0.28896542
0.290943421
0.301298027
0.312832567
0.318845639
0.322366914
0.325184326
0.327535516
0.329658125
0.331789794
0.334168166
0.337075686
0.340472207
0.343986418
0.347243822
0.349869921
0.351490218
0.350434597
0.334939714
0.314775472
0.305738824
0.311961207
0.323734413
0.33352138
0.337961456
0.341883973
0.345339074
0.348191637
0.350306545
0.351548679
0.351695051
0.349364468
0.344933434
0.339462782
0.334013346
0.329645962
0.327421463
0.332138574
0.337988667
0.343137372
0.347854011
0.351662519
0.354086833
0.354647906
0.353101283
0.350038096
0.346203584
0.342342989
0.339201551
0.337524511
0.337788356
0.339360207
0.341710416
0.344340035
0.346750118
0.348441716
0.348900797
0.347328547
0.344072897
0.339941233
0.335740941
0.332279407
0.330364018
0.334842276
0.336436701
0.330802778
0.322302139
0.313406091
0.306585941
0.304450785
0.311677921
0.316869262
0.321916291
0.326347647
0.32969197
0.331477898
0.327178388
0.307236704
0.286689066
0.282773598
0.301114609
0.325146972
0.335720334
0.314379518
0.31546873
0.318260695
0.321767871
0.325023757
0.32706185
0.32510778
0.313441333
0.300831281
0.297165769
0.299130159
0.302808141
0.307239769
0.313978897
0.31929277
0.322812867
0.322843631
0.322212203
0.321195197
0.319902137
0.318442546
0.316925949
0.315444303
0.313648738
0.311420846
0.308835704
0.305968394
0.302893993
0.299687581
0.296424237
0.29317904
0.29002707
0.287043406
0.284303126
0.28188131
0.279853037
0.278293387
0.277277438
0.27688027
0.277695365
0.279789947
0.282034627
0.283601698
0.284961227
0.286241259
0.287504908
0.288828273
0.290409159
0.292152623
0.293872692
0.295383392
0.29649875
0.297032794
0.294994099
0.290523597
0.290048041
0.29114796
0.293004309
0.29536612
0.297982424
0.300602253
0.302975543
0.305114228
0.307167706
0.309165621
0.31113761
0.313113316
0.315122378
0.317194437
0.319359133
0.321646106
0.324084997
0.326705447
0.329537095
0.332609582
0.335952548
0.339595635
0.343568481
0.350368138
0.352208559
0.352674737
0.353025097
0.35328167
0.353466487
0.353601577
0.353708971
0.3538107
0.353928794
0.354085283
0.354302198
0.354601569
0.355067374
0.355834121
0.356798135
0.357842272
0.358849389
0.359702343
0.360283992
0.360421438
0.353318583
0.346131056
0.346500905
0.347790683
0.349577421
0.351505701
0.353269154
0.354970665
0.356821471
0.359020411
0.361766327
0.365398941
0.372002676
0.371500946
0.37021474
0.368380347
0.366234054
0.364012148
0.361950918
0.360286652
0.359255637
0.359615161
0.366371342
0.375224017
0.379212912
0.37915122
0.378985698
0.378722526
0.378367888
0.377927964
0.377408936
0.376816985
0.376158294
0.375439043
0.374636525
0.373289566
0.371379655
0.369094916
0.365521625
0.360273767
0.354259694
0.348387759
0.343566312
0.340703707
0.340545206
0.34239136
0.345450905
0.349040241
0.352475766
0.355073881
0.356150984
0.355751833
0.354455225
0.352221177
0.349008611
0.344776451
0.339483619
0.328183144
0.312219041
0.306668005
0.302189432
0.298742525
0.296286486
0.294780515
0.294183815
0.302420673
0.318225389
0.316855587
0.30375125
0.290759229
0.287930377
0.290188319
0.293007641
0.294124405
0.291040108
0.28591895
0.282716001
0.282914014
0.283775096
0.284988293
0.286303878
0.287472124
0.288243304
0.288290232
0.286848726
0.284954398
0.284092819
0.285510253
0.288547722
0.291913981
0.294317785
0.29520393
0.295971887
0.29672644
0.297467677
0.298195685
0.298910552
0.299612368
0.300301219
0.300977194
0.301640381
0.302290868
0.302928743
0.303554093
0.304167008
0.304767575
0.305355882
0.305932017
0.306496068
0.307048123
0.307588271
0.308116599
0.308633195
0.309138148
0.309631545
0.310113474
0.310584025
0.311043283
0.311491338
0.311928278
0.312354191
0.312769164
0.313173286
0.313566645
0.313949329
0.314321426
0.314683023
0.31503421
0.315375073
0.315705702
0.316026184
0.316336607
0.316637059
0.316927628
0.317208403
0.317479471
0.31774092
0.317992838
0.318235315
0.318468436
0.318692291
0.318906968
0.319112554
0.319309138
0.319496808
0.319675651
0.319845756
0.320007211
0.320160104
0.320304523
0.320440555
0.32056829
0.320687814
0.320799217
0.320902586
0.320998009
0.321085574
0.32116537
0.321237483
0.321302003
0.321359018
0.321408614
0.321450882
0.321485907
0.32151378
0.321534586
0.321548416
0.321555356
0.321408021
0.320275755
0.31832263
0.315901704
0.313366034
0.311068678
0.309362693
0.308601137
0.309009159
0.310309815
0.312129923
0.314097117
0.315839029
0.31698329
0.316005274
0.304696898
0.298541949
0.300549498
0.304335872
0.308254224
0.31197478
0.316439615
0.321130227
0.325513715
0.329057175
0.331227704
0.331435972
0.329023749
0.324724544
0.319536762
0.314458803
0.310489072
0.308625969
0.309660388
0.31309388
0.31793363
0.323185818
0.327856619
0.330952211
0.33149461
0.32928025
0.32519285
0.320195412
0.31525094
0.311322435
0.3093729
0.309591417
0.310717731
0.31259738
0.315122721
0.318186108
0.321679899
0.326141203
0.331176776
0.317885216
0.307147906
0.312647764
0.324694445
0.336608607
0.344890514
0.345490744
0.342886234
0.339132558
0.335303703
0.332473656
0.331663508
0.332042011
0.33280447
0.333763589
0.334732073
0.335522626
0.335947952
0.334486681
0.329160015
0.324078319
0.323326467
0.325910481
0.329018923
0.330204376
0.330005371
0.329520567
0.328770473
0.327775595
0.326556441
0.325133517
0.32352733
0.321758387
0.319847196
0.317814263
0.315680096
0.3134652
0.311190084
0.308875255
0.306541218
0.304208482
0.301897553
0.299628939
0.297423146
0.295300681
0.293282051
0.291387764
0.289638326
0.288054244
0.286656026
0.285463521
0.284308114
0.283112199
0.281970223
0.280976635
0.280225882
0.279812413
0.280576223
0.284994037
0.289811009
0.29122776
0.290067692
0.287605555
0.284087486
0.274517804
0.269949089
0.266123984
0.263066334
0.260898877
0.259744353
0.26126874
0.2680982
0.27651624
0.2796949
0.277950569
0.275050967
0.27263054
0.271255075
0.270153593
0.269208679
0.268305152
0.267327828
0.266161526
0.26462317
0.262213197
0.259215043
0.256072987
0.253231305
0.251134275
0.250226175
0.250851878
0.252725869
0.255320559
0.258107963
0.260560097
0.262148977
0.262375526
0.261322593
0.2594453
0.257178665
0.254957707
0.253217445
0.252392896
0.252850539
0.254436946
0.25676374
0.259441511
0.262080853
0.264292357
0.265746869
0.266990484
0.268195024
0.269284363
0.270182375
0.270812935
0.271099916
0.269407123
0.264501538
0.260234606
0.260707752
0.26690812
0.274050112
0.277196926
0.278164452
0.278817862
0.279290671
0.279716391
0.280228538
0.280960624
0.282123739
0.283940295
0.286343191
0.289253352
0.292591707
0.29627918
0.300236698
0.304385187
0.308645575
0.312938787
0.31718575
0.32130739
0.325224634
0.328858408
0.332129638
0.334959251
0.337268173
0.338977331
0.34000765
0.340170516
0.335306304
0.327623148
0.323055668
0.325137606
0.331115737
0.338400333
0.34442119
0.347336012
0.34936397
0.351033108
0.352437214
0.353670076
0.354825969
0.356019608
0.357227159
0.358360752
0.35933252
0.36005459
0.360439096
0.360383624
0.359837663
0.358942844
0.357855605
0.356732386
0.355729624
0.355003759
0.354711229
0.355423014
0.357267381
0.359601221
0.361780491
0.363161148
0.36311681
0.361565532
0.359037454
0.356093955
0.353296414
0.351206212
0.350384727
0.357455423
0.356832695
0.354615385
0.351556004
0.348276006
0.345396846
0.34353998
0.344346402
0.353252771
0.357361955
0.351391455
0.341991978
0.33541756
0.333033539
0.331216611
0.330273088
0.331827493
0.337743885
0.343410752
0.344435641
0.342661219
0.339268575
0.334597158
0.328986417
0.3227758
0.316304758
0.309912738
0.30393919
0.298723563
0.294212817
0.289591388
0.285714104
0.28346334
0.282089568
0.281096286
0.280294253
0.279494226
0.278506963
0.277143222
0.274676049
0.270516318
0.265455868
0.260310334
0.255895353
0.25302656
0.253470376
0.260741523
0.265902512
0.268205382
0.261219963
0.248449076
0.239782411
0.241072163
0.245963977
0.250257054
0.249753444
0.243160711
0.235909145
0.233744217
0.235549829
0.23809777
0.239408495
0.235750818
0.22841876
0.223153714
0.223156438
0.224455455
0.226374141
0.228508803
0.230455747
0.231811281
0.232172191
0.231332273
0.22957181
0.227244178
0.224702752
0.222300911
0.220392029
0.219329485
0.219503769
0.221005835
0.223236656
0.225551316
0.227304899
0.227853488
0.22686651
0.224762845
0.222070478
0.219317393
0.217031574
0.215741005
0.219189785
0.22343598
0.225624351
0.227442082
0.228876672
0.229915619
0.230546422
0.230755687
0.224298207
0.216571679
0.216689601
0.217836414
0.219536802
0.221525373
0.223825808
0.227761409
0.232641502
0.237400071
0.240971098
0.242280661
0.238085999
0.230417232
0.225213002
0.229149872
0.241386872
0.252126115
0.253030915
0.24863725
0.243804511
0.24246982
0.245790518
0.251414589
0.256838368
0.259558185
0.256354735
0.251301508
0.25208274
0.256852478
0.264334584
0.273451045
0.283123848
0.292274978
0.299903756
0.307389683
0.314540181
0.319883292
0.323126191
0.325459579
0.327292637
0.329030864
0.331079765
0.333844839
0.338902362
0.341648511
0.326053889
0.31744324
0.327108415
0.342525364
0.351711225
0.349728229
0.344720238
0.340721816
0.342475685
0.351714769
0.361033725
0.363262531
0.36222125
0.36035222
0.358089956
0.35586897
0.354123777
0.353288889
0.366843815
0.368681447
0.367026075
0.364739285
0.362468686
0.360861884
0.360486122
0.360616589
0.360928613
0.361446191
0.362193324
0.36319401
0.364472249
0.370679423
0.371771394
0.370725399
0.369050878
0.366984119
0.36476141
0.362619039
0.360793293
0.359520462
0.359036832
0.362216047
0.368588819
0.373165015
0.372962272
0.370986655
0.367954174
0.364372936
0.36075105
0.357596623
0.355417763
0.354726444
0.356109975
0.359049573
0.362578737
0.365730965
0.367539757
0.367081724
0.364384164
0.360297677
0.355695802
0.351452078
0.348440043
0.347858076
0.354759961
0.355502838
0.356108777
0.35659059
0.35696109
0.357233089
0.357419401
0.357532839
0.357586214
0.357481861
0.356194251
0.354012498
0.351610775
0.348255902
0.3436602
0.338558656
0.333686255
0.32977798
0.327568818
0.330620796
0.336380743
0.339959976
0.343034673
0.345431655
0.346977742
0.347498447
0.346128384
0.342823613
0.338453665
0.333888073
0.329996368
0.327648082
0.330299269
0.335527877
0.337064839
0.337936676
0.33865793
0.339743143
0.341706858
0.348793365
0.347890102
0.344897615
0.341024458
0.337344618
0.334932084
0.335470084
0.341832823
0.34921376
0.351790056
0.350620113
0.348153781
0.344865405
0.336940727
0.324212627
0.315118336
0.315970262
0.322259383
0.329147914
0.332682033
0.335065856
0.337200617
0.33901027
0.340418767
0.341350059
0.341728098
0.341458255
0.340511668
0.338941076
0.336799872
0.334141452
0.331019208
0.3267002
0.314753996
0.301262031
0.295725058
0.308759479
0.331229216
0.345661461
0.3452916
0.34274561
0.339130198
0.335190608
0.331672078
0.32931985
0.328828274
0.32980721
0.331640958
0.333894499
0.336132814
0.337920885
0.338823693
0.334591882
0.321780004
0.310435955
0.309616404
0.315665294
0.322826145
0.326287452
0.327780087
0.329055152
0.330095578
0.330884296
0.331404238
0.331638335
0.331584339
0.331269661
0.330688199
0.329831727
0.328692019
0.32726085
0.325179539
0.31280139
0.295286742
0.285581827
0.296926778
0.322219399
0.341522214
0.34245377
0.339186675
0.334235311
0.328655645
0.323503647
0.319835284
0.31899853
0.325852918
0.316968196
0.307313441
0.313056805
0.327416166
0.33898881
0.338303177
0.329680391
0.320907851
0.318947174
0.321951692
0.326152977
0.328897834
0.330303223
0.331576469
0.332675162
0.333556894
0.334179253
0.33449983
0.334337601
0.333083824
0.330833609
0.326650304
0.30782622
0.284240381
0.273291159
0.279313813
0.304028383
0.331631239
0.326588754
0.307068255
0.289784177
0.290224433
0.293803137
0.290519819
0.285141656
0.279280068
0.274546473
0.272552289
0.279101146
0.284517835
0.288179499
0.286727361
0.280448624
0.272640237
0.266664068
0.266457367
0.275272141
0.279542598
0.273002831
0.263057673
0.257446648
0.259553318
0.264296006
0.267915529
0.267792078
0.265991306
0.263685315
0.261788123
0.260196372
0.258498322
0.256365211
0.253610748
0.250124578
0.245755718
0.238068387
0.241503817
0.249795878
0.250842924
0.250344146
0.249487053
0.248361115
0.247055803
0.245660589
0.244264942
0.242958335
0.241830238
0.240970122
0.240363911
0.239843951
0.23939082
0.238989524
0.238625066
0.238282452
0.237946686
0.237602773
0.237235718
0.236830525
0.236372199
0.235845745
0.235236167
0.234410519
0.233156701
0.231586429
0.229823167
0.227990376
0.22621152
0.22461006
0.223309459
0.222433179
0.222104683
0.222530153
0.223779818
0.225758734
0.23191851
0.233511083
0.2328433
0.231746661
0.230378833
0.228897485
0.227460284
0.226224897
0.225348992
0.224990238
0.22612196
0.22928649
0.233549768
0.239906355
0.243750793
0.245951849
0.247754611
0.24915657
0.25015521
0.250748022
0.250919577
0.246850539
0.242381187
0.244097905
0.249325437
0.255778556
0.263070205
0.263265804
0.254039374
0.251669005
0.259478968
0.269544469
0.273983173
0.27251371
0.269945446
0.2682762
0.268653304
0.270250019
0.272885922
0.276409968
0.280671113
0.285518311
0.290800518
0.29636669
0.302065781
0.307746747
0.313258542
0.318450123
0.323170444
0.32726846
0.330593127
0.3329934
0.334318234
0.334387597
0.333073558
0.330921126
0.328575219
0.326680754
0.325882648
0.327635316
0.332226415
0.338414005
0.344955679
0.350609035
0.354131666
0.352915122
0.340266214
0.325460392
0.320130183
0.320692435
0.32191541
0.323602665
0.325557754
0.328767754
0.334416549
0.341030926
0.347089077
0.351069194
0.351499902
0.348249181
0.342565473
0.33575333
0.3291173
0.323961935
0.321591785
0.326940123
0.337141497
0.347658163
0.348578868
0.346835302
0.344527096
0.342544628
0.340421145
0.338088915
0.335797695
0.333797242
0.332337314
0.331667668
0.332556556
0.335021752
0.337120732
0.337358465
0.336967685
0.336266477
0.3353175
0.334183416
0.332926887
0.331610122
0.329829956
0.327486114
0.325007539
0.322612271
0.320041563
0.317340065
0.314569935
0.311793332
0.309072417
0.306469347
0.304046283
0.301865383
0.299988806
0.298290422
0.296585003
0.294879467
0.293180902
0.291496397
0.28983304
0.288197922
0.286598129
0.285040751
0.283532877
0.282081595
0.280693994
0.279377163
0.27813819
0.276984165
0.275922175
0.274959311
0.274102659
0.27335931
0.272736351
0.272240872
0.271879962
0.271660708
0.271591394
0.272371839
0.274175552
0.276393445
0.27841643
0.279635419
0.278861541
0.274853747
0.270741068
0.269942959
0.273255634
0.278499213
0.283361236
0.285529244
0.285445478
0.285210053
0.284853553
0.284406325
0.283898711
0.283361056
0.282823705
0.282317001
0.28187129
0.281516914
0.28128422
0.281219553
0.288350378
0.2880386
0.286948479
0.285351719
0.283458543
0.281479176
0.279623841
0.278102761
0.277126161
0.276959492
0.278823911
0.282433602
0.286837083
0.29389318
0.294926216
0.295676163
0.296317161
0.296857164
0.297304125
0.297665997
0.297950735
0.29816629
0.298320617
0.298421669
0.298477398
0.298495759
0.297994806
0.296472139
0.294181821
0.291381886
0.288330367
0.2852853
0.282504717
0.280246653
0.278769142
0.278386359
0.282312794
0.288734473
0.292660907
0.287693813
0.275234451
0.265099166
0.26400716
0.264598612
0.26573801
0.268373998
0.275311913
0.280447164
0.282622471
0.279101606
0.271908074
0.264380663
0.259858162
0.263291084
0.272391568
0.272980696
0.267296337
0.259510811
0.252985985
0.25113811
0.255911665
0.259583964
0.257178619
0.251861549
0.246153728
0.24257613
0.244255091
0.249768227
0.249480425
0.240827602
0.231106368
0.228357779
0.234309979
0.239481756
0.242289648
0.24100262
0.237574581
0.232939366
0.228029157
0.223776137
0.221112488
0.221379691
0.226617642
0.232804558
0.235080183
0.234982916
0.2347608
0.234437193
0.234035453
0.233578937
0.233091005
0.232595015
0.232114324
0.23167229
0.231292273
0.23099763
0.230811719
0.230757077
0.230791334
0.230876091
0.231006174
0.231176406
0.231381611
0.231616613
0.231876238
0.232155309
0.232448651
0.232751087
0.233057443
0.233362542
0.233661403
0.233992443
0.234380151
0.234814141
0.235284026
0.23577942
0.236289936
0.236805189
0.237314791
0.237808358
0.238275502
0.238705837
0.239088977
0.239414552
0.239714168
0.240019779
0.240326195
0.240628224
0.240920677
0.241198363
0.24145609
0.241688668
0.241890906
0.242057614
0.242183601
0.242263676
0.242292649
0.241935704
0.240927647
0.239434112
0.237621075
0.23565451
0.233700394
0.231924701
0.230493407
0.229572487
0.229352119
0.23076998
0.23374512
0.237599752
0.244778135
0.245018116
0.244509434
0.243736796
0.242804738
0.241817798
0.240880514
0.240097422
0.239573059
0.23942955
0.241028113
0.244492071
0.248861626
0.256045193
0.256637265
0.256391493
0.256010128
0.255545724
0.255050837
0.254578024
0.254179841
0.253908842
0.253817689
0.253968734
0.254368938
0.254996067
0.255827883
0.256842151
0.258016634
0.259329096
0.2607573
0.262279011
0.263871992
0.265514007
0.26718282
0.268856195
0.270511894
0.272127683
0.273681324
0.275150581
0.276513219
0.277747001
0.278889219
0.280191301
0.281441648
0.28235267
0.2824747
0.274939676
0.268239774
0.269144081
0.271410633
0.274020708
0.276388657
0.279108875
0.282033276
0.284948422
0.287640874
0.289897193
0.291515871
0.292855551
0.294153208
0.295382983
0.296519017
0.297535449
0.29840642
0.29910607
0.299608539
0.299887968
0.299926971
0.299797944
0.299532715
0.299142955
0.298640334
0.298036525
0.297343197
0.296572022
0.295734672
0.294842818
0.29390813
0.292942281
0.29195694
0.29096378
0.289974471
0.289000685
0.288054093
0.287146366
0.286289175
0.285494191
0.284773086
0.284137531
0.283599196
0.283169754
0.282860874
0.28268423
0.282676551
0.283244077
0.28438362
0.285909205
0.28763486
0.289374612
0.290942488
0.292273208
0.293580242
0.294893456
0.296231435
0.297611943
0.299035857
0.300490912
0.301964848
0.303445405
0.304920324
0.30640227
0.307913288
0.309449256
0.311006011
0.312579389
0.314165226
0.315759361
0.317357628
0.318955864
0.320549907
0.322135592
0.323708756
0.325265236
0.326800868
0.328311489
0.329792935
0.331241043
0.33265165
0.334020592
0.335343705
0.336616826
0.337835792
0.338999128
0.340273569
0.341569513
0.342618702
0.343152876
0.342704366
0.341025808
0.338735408
0.336477211
0.334895259
0.334864711
0.338723704
0.34378017
0.346055651
0.345328091
0.343256069
0.339744007
0.32074986
0.317905388
0.320619773
0.324420372
0.328226376
0.330956972
0.331549952
0.32977303
0.326393446
0.322218586
0.318055838
0.314712586
0.312996217
0.331753535
0.337185599
0.336085378
0.334353854
0.3322948
0.330211988
0.328401807
0.326817429
0.325142039
0.32309208
0.320101186
0.316281424
0.312482437
0.309085307
0.305342554
0.301532221
0.298011155
0.295136204
0.293264216
0.293132837
0.300173917
0.302884434
0.305120221
0.306838086
0.307994838
0.308547285
0.308313798
0.307050973
0.305312443
0.303650323
0.301885352
0.299925359
0.297799136
0.295535476
0.293163169
0.29071101
0.288207788
0.285682298
0.283163331
0.280679679
0.278260135
0.27593349
0.273728538
0.271674069
0.269798877
0.268130428
0.266396853
0.264796874
0.263939751
0.266306164
0.273071606
0.278903758
0.279026566
0.275153812
0.270951958
0.269835399
0.272873195
0.278276043
0.284143074
0.291204977
0.29126172
0.29118706
0.291071669
0.290925578
0.29075882
0.290581427
0.290403433
0.290234869
0.290085768
0.289966163
0.289886086
0.28985557
0.296471945
0.299468328
0.301807137
0.303637567
0.304916157
0.305599447
0.304539468
0.295698192
0.28515958
0.2814404
0.290056013
0.303502326
0.311390737
0.311305554
0.310769877
0.309941763
0.308898283
0.307716507
0.306473504
0.305127231
0.302927165
0.300771443
0.299939976
0.300139192
0.300614629
0.301297924
0.302120712
0.303014632
0.30391132
0.304755491
0.305567863
0.306363268
0.307152441
0.307946114
0.308755021
0.309589897
0.310461473
0.311380484
0.312357662
0.313403743
0.314529459
0.315745543
0.317062729
0.318491751
0.320043342
0.321728235
0.323557165
0.325540863
0.327690065
0.330015504
0.332527912
0.335238024
0.341279188
0.34479121
0.346861352
0.348465226
0.349592153
0.350231453
0.34748813
0.323032296
0.325248315
0.329855586
0.335350178
0.340228157
0.342985591
0.342636259
0.340299458
0.336788902
0.332849833
0.329227491
0.326667117
0.325962936
0.32922471
0.334364435
0.337386471
0.336562382
0.33438971
0.332194473
0.330857713
0.329616053
0.328437711
0.327399058
0.326576468
0.32604631
0.325901557
0.327433052
0.330003414
0.331614823
0.329445763
0.32323545
0.316493087
0.311846695
0.307616454
0.304225354
0.302399924
0.30127158
0.300386225
0.299685301
0.299110248
0.298602507
0.298103519
0.297554723
0.296897562
0.296073475
0.294972375
0.293344611
0.291297837
0.288988126
0.286571554
0.284204195
0.282042126
0.280241421
0.278958156
0.278348405
0.280209632
0.286251784
0.291744982
0.292637363
0.291928421
0.290653184
0.28897748
0.287067132
0.285087967
0.283205809
0.281586485
0.28039582
0.279799639
0.280410187
0.2831944
0.287296768
0.292773497
0.297857339
0.299477899
0.30039035
0.301107948
0.302143952
0.304011619
0.310963955
0.306946337
0.298112785
0.299060022
0.307837558
0.318805452
0.327539012
0.330729254
0.318871785
0.311528281
0.316145379
0.325236598
0.334600886
0.340037189
0.336258148
0.327280657
0.326050257
0.327016763
0.328608745
0.330557145
0.332660727
0.3361877
0.340918444
0.345795301
0.349760615
0.351756728
0.349272446
0.341911574
0.335509005
0.335477914
0.341085958
0.348862407
0.355445393
0.357427553
0.35273417
0.348942718
0.352825845
0.360482295
0.365922666
0.364912436
0.360684404
0.356840506
0.356662177
0.360218266
0.365385182
0.370033244
0.372065559
0.372555849
0.372993988
0.373381702
0.373720716
0.374012757
0.374259549
0.374462818
0.374624291
0.374745693
0.374828749
0.374875185
0.374884869
0.37477528
0.374527931
0.374179706
0.373767489
0.373328162
0.372898609
0.372515714
0.372216359
0.372037429
0.372415213
0.376402795
0.381429244
0.38353875
0.38349487
0.383387664
0.383228815
0.383030007
0.382802925
0.382559251
0.38231067
0.382068866
0.381845522
0.381652323
0.381500951
0.381403092
0.381370367
0.381384568
0.381423037
0.381483551
0.381563889
0.381661828
0.381775146
0.381901621
0.382039031
0.382185155
0.38233777
0.382494654
0.382653586
0.382812342
0.383007354
0.383267241
0.383578073
0.383925916
0.384296837
0.384676904
0.385052184
0.385408743
0.385732651
0.386009972
0.386226776
0.386369129
0.386423098
0.385885467
0.384413646
0.382410304
0.38027964
0.378425852
0.377253138
0.377121456
0.377832122
0.379059217
0.380522834
0.381943066
0.383040004
0.383533742
0.383399818
0.382936167
0.38218898
0.381201195
0.380015752
0.378675589
0.376986363
0.373262782
0.369287089
0.367716984
0.371494529
0.377919185
0.381996403
0.373771961
0.370026789
0.367821945
0.366086758
0.36479712
0.363928922
0.363458057
0.363798753
0.371942581
0.37776944
0.377012076
0.374896853
0.371451186
0.357390079
0.356811241
0.362278879
0.362171523
0.355578791
0.348327225
0.346105433
0.347041129
0.348849036
0.351094138
0.353341414
0.355155847
0.356102418
0.344727224
0.338343864
0.335948292
0.334220379
0.333093317
0.332500297
0.332415807
0.333862104
0.336776535
0.34044468
0.344152118
0.347184429
0.348827191
0.327315442
0.317494862
0.319009791
0.321574663
0.324851861
0.328503771
0.332253201
0.338339555
0.345199984
0.348898023
0.347594601
0.34334174
0.336965763
0.329270513
0.321059835
0.31313757
0.306058562
0.298170874
0.290551847
0.285123663
0.28113278
0.277386501
0.274059114
0.271324908
0.269358169
0.268333185
0.26916008
0.273675087
0.278429832
0.279322099
0.273628675
0.266018643
0.262473072
0.26386845
0.26641951
0.268150728
0.268196216
0.268076625
0.267870218
0.267582967
0.267220847
0.266789829
0.266295886
0.265744992
0.265143119
0.264496241
0.26381033
0.263091358
0.2623453
0.261578127
0.260795813
0.260004331
0.259209653
0.258417753
0.257634603
0.256866176
0.256118445
0.255397383
0.254708963
0.254059158
0.253453941
0.252899284
0.25240116
0.251965543
0.251598405
0.251305719
0.251093458
0.250967596
0.250945083
0.251587855
0.253029249
0.255019218
0.257307717
0.2596447
0.261780121
0.263582027
0.265347542
0.267112125
0.26887622
0.270640269
0.272404716
0.274169577
0.275892931
0.277574321
0.279252978
0.280968134
0.28275902
0.284664866
0.286733205
0.2890021
0.291422952
0.293939492
0.296495453
0.299034566
0.301500981
0.304026263
0.306729166
0.309582376
0.312558576
0.315630451
0.318770684
0.321951959
0.325146961
0.328328374
0.331468882
0.334541168
0.337517918
0.340371815
0.343075542
0.345601785
0.347923228
0.350012554
0.351842447
0.353385592
0.354614672
0.355502373
0.356021377
0.356152762
0.356152762
0.356152762
0.356152762
0.356152762
0.356152762
0.356152762
0.356152762
0.356152762
0.356152762
0.35614606
0.35607311
0.355918929
0.355682347
0.355362193
0.354957295
0.354466482
0.353888583
0.353222427
0.352466842
0.351620659
0.350682704
0.349651808
0.348196726
0.343081656
0.334730621
0.324718424
0.31461987
0.306009762
0.300462902
0.298023583
0.296304718
0.294831968
0.293206977
0.291353687
0.289443966
0.287655941
0.286167736
0.285157478
0.284805533
0.286361078
0.289241478
0.291201216
0.2896223
0.284730486
0.280437409
0.280152652
0.282341702
0.284758399
0.285143446
0.277958276
0.267737962
0.262469725
0.26373923
0.266285228
0.268113472
0.265290739
0.255691382
0.246843872
0.245789212
0.250033914
0.254957875
0.256388841
0.247858288
0.235034168
0.227901521
0.230184349
0.23523589
0.239079908
0.239093438
0.237475887
0.234533612
0.22677334
0.217363252
0.218126364
0.219534454
0.221255058
0.222955714
0.22430396
0.224967333
0.22448295
0.222776665
0.220477861
0.21823058
0.216678866
0.216449454
0.217639663
0.219776007
0.222361828
0.224900466
0.226895263
0.227849559
0.225313416
0.218496094
0.212776761
0.212312183
0.213899806
0.216189668
0.218487013
0.221502111
0.225191242
0.22904387
0.232549458
0.235197468
0.236477363
0.234247651
0.227541307
0.221624308
0.222463596
0.23284636
0.244367393
0.24785606
0.244265301
0.239157742
0.236524963
0.241585868
0.251751088
0.259106778
0.258145476
0.253339787
0.248893704
0.249139372
0.25676217
0.26633814
0.271645405
0.273644819
0.275081202
0.276733558
0.279002179
0.281659243
0.284657658
0.287951807
0.291496069
0.295244824
0.299152455
0.303173342
0.307261865
0.311372404
0.315459342
0.319477058
0.323379934
0.32712235
0.330658686
0.333943324
0.336930644
0.339575027
0.341830854
0.343652505
0.344994362
0.345810804
0.345971368
0.335917627
0.318586218
0.307454304
0.315248273
0.336862392
0.355100477
0.356238363
0.349499716
0.342341526
0.340335547
0.341052571
0.342422327
0.344157586
0.345971121
0.348354429
0.351690311
0.355260263
0.358343443
0.36021901
0.360166218
0.358033819
0.354538547
0.350456967
0.346565647
0.343641151
0.342460045
0.348383574
0.353666533
0.357356532
0.357493509
0.357047472
0.356302568
0.355320827
0.354164282
0.352894962
0.351571409
0.350033031
0.347915462
0.344873206
0.335446281
0.31957699
0.30811062
0.309196608
0.316859837
0.324263513
0.321300151
0.311790101
0.31616754
0.323853106
0.33248385
0.339696826
0.343129087
0.340534073
0.333770281
0.327317762
0.324512863
0.323018108
0.321538238
0.318909585
0.313315983
0.306881776
0.302589522
0.300680108
0.299309837
0.297481835
0.293493849
0.287194698
0.281406656
0.278200205
0.27547497
0.272833539
0.27027989
0.267818001
0.265451849
0.263185412
0.261022667
0.258967594
0.257024169
0.25519637
0.253488175
0.251903563
0.250446509
0.249120993
0.247930993
0.246880485
0.245973448
0.24521386
0.244605698
0.24415294
0.243859564
0.243729548
0.249004669
0.250263973
0.24704919
0.242370385
0.237570697
0.233993266
0.232944359
0.233989113
0.23613183
0.238842094
0.241589487
0.243843592
0.245073992
0.244846939
0.243405666
0.24122138
0.238759919
0.236487124
0.234868832
0.234378296
0.235695068
0.238529984
0.242168623
0.245896565
0.248999389
0.250762674
0.25056035
0.24862014
0.245598716
0.242151359
0.238933351
0.236599972
0.236201769
0.25670104
0.252909588
0.248216204
0.249661839
0.254601589
0.260436891
0.264645062
0.264311278
0.258821143
0.256932548
0.260428018
0.266425725
0.272731417
0.279729268
0.273937606
0.265800399
0.270229958
0.284867852
0.297828714
0.298807178
0.292281273
0.285013541
0.28303119
0.29112025
0.304356479
0.315631558
0.322870085
0.313485528
0.298238242
0.300972368
0.314400197
0.327890121
0.332962951
0.335413182
0.336985426
0.337291256
0.333492975
0.327716853
0.324457983
0.324551779
0.324906047
0.32548055
0.326252092
0.327197478
0.328293515
0.329517007
0.330844759
0.332253577
0.333720265
0.33522163
0.336734477
0.33823561
0.339701835
0.341109957
0.342436781
0.343659113
0.344753758
0.345697521
0.346467207
0.347039622
0.347391571
0.347500563
0.34747377
0.34739965
0.347276623
0.34710311
0.346877531
0.346598308
0.346263862
0.345872613
0.345422982
0.344913391
0.344342259
0.343708008
0.343009059
0.342243833
0.34141075
0.340508231
0.337890981
0.330804149
0.320999709
0.310393197
0.300900144
0.294436087
0.293411737
0.300721053
0.305951889
0.308588657
0.302374073
0.289681097
0.280401453
0.281163261
0.285947502
0.290412416
0.290088922
0.281657746
0.27178887
0.268281545
0.269961059
0.272521472
0.273983235
0.273288783
0.271204695
0.268191491
0.264705315
0.261202311
0.258138624
0.255824609
0.253485602
0.251588521
0.250933671
0.250983017
0.251109269
0.251310534
0.251584914
0.251930517
0.252345445
0.252827805
0.253375701
0.253987237
0.254660519
0.255393652
0.256184739
0.257031887
0.2579332
0.258886782
0.259890739
0.260943175
0.262042195
0.263185904
0.264372407
0.265599809
0.266866214
0.268169728
0.269508454
0.270880499
0.272283966
0.273716961
0.275177589
0.276663953
0.27817416
0.279706313
0.281258518
0.28282888
0.284415503
0.286016493
0.287629953
0.289253989
0.290886706
0.292526208
0.294170601
0.295817988
0.297466476
0.299114169
0.300759171
0.302399587
0.304033523
0.305659083
0.307274371
0.308880581
0.31061376
0.312591755
0.314875378
0.317884945
0.321555719
0.324954878
0.32743029
0.329485975
0.33131673
0.333031625
0.334524032
0.335979016
0.337658699
0.339725001
0.342020946
0.344327486
0.346631207
0.348996966
0.351126071
0.352762051
0.354024696
0.355163745
0.356423592
0.35808044
0.360825965
0.364312328
0.367814559
0.37060769
0.371966751
0.371503599
0.369816482
0.367411694
0.364785892
0.362435736
0.360857885
0.360536679
0.361503746
0.363328977
0.365577858
0.367815876
0.369608518
0.370521271
0.367385559
0.357654462
0.348961704
0.347567356
0.34810443
0.349188543
0.35154036
0.357572294
0.356410588
0.353934504
0.350765498
0.347525025
0.344834539