0.190340232
0.181584543
0.17916196
0.184235903
0.183406143
0.181882554
0.179892621
0.177663828
0.175423661
0.173399605
0.171819144
0.170909765
0.170793406
0.171153112
0.172464826
0.185761623
0.185132674
0.183920479
0.182252943
0.180257972
0.17806347
0.175797341
0.17358749
0.171561821
0.16984824
0.168574651
0.167868958
0.179749218
0.179215617
0.178199099
0.1768058
0.175141854
0.173313399
0.171426569
0.169587499
0.167902327
0.166477187
0.165418215
0.164831546
0.176734961
0.176147313
0.175027931
0.173493809
0.17166194
0.169649317
0.167572933
0.16554978
0.163696853
0.162131143
0.160969644
0.160329349
0.170803106
0.172214947
0.171642289
0.170568103
0.16911653
0.16741171
0.165577785
0.163738893
0.162019177
0.160542776
0.15943383
0.158816482
0.175247737
0.174856628
0.174102634
0.173065074
0.171823267
0.170456533
0.16904419
0.167665558
0.166399955
0.165326702
0.164525116
0.164074517
0.175226657
0.174602755
0.173435716
0.171901313
0.170175317
0.168433502
0.16685164
0.165605503
0.164870865
0.164762323
0.165168953
0.166731649
0.179250468
0.181254735
0.18050766
0.179101272
0.17728626
0.175313314
0.173433123
0.171896376
0.170953763
0.170786632
0.17109094
0.172291691
0.184734267
0.187274957
0.186361097
0.184580245
0.182257117
0.179716429
0.177282897
0.175281238
0.174036168
0.173798084
0.174235447
0.175986459
0.190318271
0.189907305
0.189049144
0.187839036
0.186372232
0.18474398
0.18304953
0.181384131
0.179843032
0.178521483
0.177514733
0.176918031
0.193329448
0.192888844
0.191947672
0.190611986
0.188987836
0.187181276
0.185298359
0.183445136
0.18172766
0.180251984
0.17912416
0.178450241
0.190321686
0.189902854
0.189008187
0.187738499
0.186194601
0.184477307
0.182687428
0.180925776
0.179293163
0.177890403
0.176818307
0.176177687
0.18731591
0.186963648
0.186211122
0.185143043
0.183844124
0.182399076
0.180892612
0.179409443
0.178034283
0.176851842
0.175946834
0.175403971
0.187317124
0.186969293
0.18622035
0.185155008
0.183857977
0.182413971
0.180907702
0.179423881
0.178047222
0.176862435
0.175954233
0.175407329
0.187308048
0.186711464
0.185460553
0.183756957
0.181802317
0.179798274
0.177946471
0.176448549
0.17550615
0.175328183
0.176154929
0.177930129
0.18131735
0.187307806
0.186664854
0.18533
0.183553933
0.181587342
0.179680917
0.178085346
0.177051319
0.176800114
0.177152906
0.17871625
0.19334172
0.193025449
0.192302536
0.191257608
0.189975295
0.188540227
0.187037033
0.185550341
0.184164781
0.182964982
0.182035573
0.181461183
0.193341322
0.192970259
0.19211429
0.190874225
0.189350878
0.187645061
0.185857586
0.184089266
0.182440911
0.181013336
0.179907352
0.179223771
0.190331379
0.189901145
0.188908759
0.187471215
0.185705506
0.183728624
0.181657563
0.179609315
0.177700874
0.176049233
0.174771385
0.173984322
0.18580178
0.184969157
0.183130488
0.18059203
0.177660034
0.174640757
0.171840451
0.16956537
0.16812177
0.167771994
0.168005111
0.169054411
0.182801327
0.182358703
0.181356268
0.179911014
0.178139935
0.176160023
0.174088271
0.172041674
0.170137222
0.16849191
0.167222731
0.166446677
0.178283151
0.177501217
0.17580507
0.173473858
0.17078673
0.168022837
0.165461327
0.163381349
0.162062053
0.161742743
0.161975844
0.163025138
0.176788488
0.176528215
0.175938617
0.175088302
0.17404588
0.172879961
0.171659155
0.17045207
0.169327317
0.168353505
0.167599244
0.167133143
0.178300529
0.178067145
0.177528643
0.176748261
0.175789235
0.174714801
0.173588198
0.17247266
0.171431426
0.170527732
0.169824815
0.169385911
0.181311146
0.181106545
0.180620582
0.179911208
0.179036378
0.178054044
0.17702216
0.175998679
0.175041555
0.174208741
0.17355819
0.173147855
0.184318737
0.183941837
0.183057773
0.181816815
0.180369235
0.178865303
0.177455291
0.176289469
0.175518108
0.175295854
0.175986587
0.177649339
0.180342079
0.187328335
0.186802255
0.185549176
0.183819787
0.181864778
0.179934837
0.178280655
0.177152921
0.176795846
0.177053827
0.178406274
0.193348844
0.193223163
0.192889175
0.192388876
0.191764265
0.191057339
0.190310095
0.189564531
0.188862644
0.188246432
0.187757893
0.187439024
0.198261242
0.199202963
0.19871187
0.197968146
0.197035028
0.195975753
0.194853556
0.193731676
0.192673349
0.191741812
0.191000302
0.190512054
0.193905255
0.202151968
0.201465291
0.200416717
0.199096494
0.197594872
0.196002099
0.194408424
0.192904094
0.191579359
0.190524468
0.189829668
0.193404849
0.202381203
0.201851616
0.200337275
0.198167007
0.195665528
0.193157555
0.190967804
0.189420991
0.18884177
0.188967308
0.189754683
0.191821279
0.20333726
0.201714329
0.199318674
0.196455719
0.193430889
0.190549608
0.188117302
0.186439395
0.185821246
0.185947301
0.186737789
0.18881244
0.200603615
0.199770008
0.198485868
0.196862852
0.195012616
0.193046815
0.191077107
0.189215147
0.187572591
0.186261096
0.185392317
0.185077912
0.195289208
0.192379811
0.188538364
0.18467864
0.181714417
0.180558927
0.180589285
0.180771526
0.181243175
0.182141759
0.183604805
0.185769839
0.191045065
0.188844296
0.185856851
0.182693877
0.17996652
0.178285605
0.177322345
0.176434547
0.175667393
0.175066064
0.174675742
0.180374376
0.188593349
0.187867296
0.186758483
0.185362243
0.183773909
0.182088813
0.180402286
0.178809662
0.177406273
0.17628745
0.175548526
0.176401771
0.187115209
0.186473867
0.185491559
0.184252997
0.182842893
0.181345959
0.179846907
0.17843045
0.177181299
0.176184166
0.175523764
0.175284806
0.187092869
0.186374952
0.185272215
0.183880147
0.182294237
0.180609973
0.178922845
0.177328341
0.17592195
0.17479916
0.174055462
0.173786342
0.189858523
0.188388295
0.18620435
0.183586575
0.180814861
0.178169098
0.175929174
0.17437498
0.173786405
0.173967361
0.17511472
0.178132897
0.190145722
0.189524262
0.188557938
0.187331379
0.185929215
0.184436074
0.182936586
0.18151538
0.180257086
0.179246331
0.178567746
0.17830596
0.190126025
0.18943094
0.188346762
0.186968739
0.185392122
0.183712159
0.182024101
0.180423195
0.179004691
0.17786384
0.177095889
0.176796089
0.193036951
0.192005651
0.190447575
0.188564166
0.186556868
0.184627127
0.182976386
0.18180609
0.181317682
0.181760788
0.183198565
0.185494573
0.192926854
0.193235909
0.192841267
0.19222223
0.191440361
0.190557221
0.189634374
0.188733381
0.187915806
0.18724321
0.186777156
0.186579206
0.199258245
0.199194699
0.198508653
0.197417971
0.196032759
0.19446312
0.192819161
0.191210986
0.1897487
0.188542408
0.187702215
0.187338226
0.199113199
0.19812535
0.196596093
0.19472707
0.192719922
0.190776291
0.189097819
0.187886148
0.187342919
0.187717541
0.189103606
0.191362238
0.198612049
0.199176019
0.198419485
0.197269512
0.19590453
0.194502969
0.193243261
0.192303836
0.191863124
0.192066126
0.192929035
0.194454411
0.201382291
0.202047198
0.200703008
0.198637948
0.196176734
0.193644083
0.19136471
0.189663333
0.188864666
0.18890901
0.189514627
0.191275988
0.203764458
0.203245643
0.202390568
0.201278351
0.199988114
0.198598976
0.197190058
0.195840481
0.194629364
0.193635828
0.192938993
0.192617979
0.205145888
0.205227083
0.204504772
0.203376531
0.202020792
0.200615984
0.199340538
0.198372885
0.197891455
0.198047896
0.198864558
0.200343452
0.206392024
0.21028938
0.21267218
0.214583383
0.216013808
0.216954278
0.217395611
0.21407299
0.204812451
0.204114017
0.205084863
0.206488495
0.207963539
0.20918652
0.210215203
0.211325603
0.21279615
0.214905276
0.221060503
0.223368666
0.222842901
0.221973433
0.220903172
0.219775032
0.218731925
0.217916763
0.217472458
0.217634542
0.21879157
0.220849763
0.226676313
0.229297828
0.228146276
0.226205664
0.223800707
0.221256122
0.218896626
0.217046934
0.216031763
0.215961213
0.216402562
0.217870004
0.230895848
0.230249301
0.22908235
0.22751207
0.225655539
0.223629832
0.221552026
0.219539198
0.217708423
0.216176779
0.215061341
0.214479187
0.226460358
0.226398147
0.226269925
0.226069935
0.22579242
0.225431621
0.224981782
0.224437144
0.223791951
0.221634921
0.213837773
0.206921781
0.217102585
0.215195973
0.212122458
0.208499449
0.204944354
0.202074584
0.200507548
0.20363763
0.212869739
0.213906322
0.211261136
0.207962997
0.205306692
0.202378528
0.199362419
0.196622507
0.194522934
0.193427841
0.197339652
0.189571365
0.183240269
0.18299184
0.183775391
0.185069235
0.186750715
0.190291093
0.195719957
0.194122201
0.185619296
0.178742717
0.18003332
0.185495953
0.189950518
0.188024558
0.179831358
0.17339012
0.18383436
0.181739688
0.178557624
0.174906004
0.171402664
0.168665442
0.167312174
0.178108546
0.177253969
0.175855241
0.174057662
0.172006533
0.169847156
0.167724829
0.165784856
0.164172535
0.163033169
0.162512058
0.173640639
0.173015666
0.171985821
0.170646591
0.169093467
0.167421937
0.16572749
0.164105614
0.162651798
0.161461531
0.160630303
0.160253601
0.172187545
0.171807715
0.171181644
0.170367203
0.169422264
0.168404698
0.167372374
0.166383164
0.165494939
0.164765568
0.164252924
0.164014877
0.176892018
0.17865109
0.179868242
0.180643237
0.181075833
0.18126579
0.18131287
0.177645393
0.168489997
0.168254281
0.169948544
0.171835958
0.173001487
0.173587201
0.173992406
0.174605531
0.175815006
0.178009264
0.191942332
0.19393378
0.195213268
0.195938224
0.196266076
0.196354251
0.195183378
0.189759689
0.184870417
0.184396905
0.185332601
0.188281699
0.202296257
0.201707303
0.20073644
0.19957852
0.198428395
0.197480914
0.19693093
0.210722272
0.214151965
0.216154072
0.217112103
0.217409567
0.216702568
0.211597291
0.206321522
0.205637973
0.207439446
0.21069215
0.217800898
0.223424573
0.223055072
0.222349462
0.221390121
0.220259431
0.219039771
0.21781352
0.216663059
0.215670767
0.214919023
0.214490209
0.226468535
0.226468535
0.226468535
0.226468535
0.226468535
0.226468535
0.226468535
0.226468535
0.226468535
0.225671923
0.218270559
0.210085598
0.220225476
0.217923382
0.213977859
0.209439022
0.205356985
0.202781861
0.203177545
0.208081108
0.21325919
0.213138186
0.203123022
0.192756318
0.20821523
0.20662007
0.203975212
0.200185363
0.192547305
0.186007061
0.185081729
0.185148301
0.185376885
0.185867563
0.186720414
0.188035519
0.185899362
0.176590972
0.174200713
0.172456672
0.171277868
0.170583322
0.170292052
0.173271619
0.182564892
0.18396105
0.181925707
0.179284218
0.177050943
0.174508514
0.171824577
0.169342133
0.167404188
0.166353745
0.172067056
0.170910934
0.169059498
0.166875638
0.164722244
0.162962208
0.161741678
0.16053402
0.159379178
0.158380063
0.157639583
0.157260646
0.169188573
0.16873119
0.167915082
0.166796645
0.165432272
0.163878358
0.161400915
0.156655328
0.153024552
0.154540798
0.161192099
0.167039567
0.160750126
0.156683553
0.155935104
0.155310339
0.154798469
0.154388703
0.154070252
0.153832326
0.153664134
0.153554888
0.153493796
0.15347007
0.16461704
0.163868905
0.162611964
0.16102258
0.159277116
0.157551933
0.156023394
0.154867862
0.154261699
0.154436183
0.155622266
0.157705349
0.163751075
0.166170696
0.165650111
0.164785068
0.1637182
0.162592139
0.161549519
0.160732971
0.160285128
0.160437942
0.161581774
0.163626422
0.169375281
0.172240481
0.171998023
0.171566659
0.170994092
0.170328026
0.169616165
0.168906211
0.16824587
0.167682844
0.167264837
0.167039552
0.179636173
0.181713461
0.183063444
0.183842791
0.18420817
0.184316249
0.183662057
0.179188486
0.17459179
0.173801351
0.174079956
0.175042314
0.177111188
0.192016623
0.195209393
0.197313429
0.1985555
0.199162373
0.199360818
0.197988815
0.187417943
0.184635661
0.186969508
0.189899339
0.191556769
0.192256979
0.192592792
0.192918183
0.193587127
0.194953601
0.208377754
0.207932735
0.207016923
0.20573113
0.204176168
0.20245285
0.200661988
0.198904394
0.19728088
0.195892259
0.194839342
0.194222942
0.205353571
0.204686912
0.20332498
0.201417457
0.199114024
0.196564365
0.19391816
0.191325093
0.188934845
0.186897098
0.185361534
0.184477836
0.200867165
0.20071478
0.200376124
0.199850693
0.19913798
0.198237479
0.197148686
0.195871093
0.194404195
0.19220563
0.185012987
0.177610221
0.187233104
0.186086232
0.183915523
0.181052855
0.177830101
0.174579138
0.171631842
0.169320086
0.167975748
0.167782957
0.16812992
0.169416543
0.182760868
0.182170251
0.181017953
0.179426611
0.177518863
0.175417346
0.1732447
0.171123562
0.16917657
0.167526361
0.166295575
0.165606848
0.176755479
0.176337777
0.175532518
0.174424413
0.173098173
0.171638513
0.170130142
0.168657775
0.167306122
0.166159896
0.165303809
0.164822574
0.175241397
0.174793732
0.173961217
0.172868398
0.171639823
0.170400039
0.169273592
0.168385031
0.167858902
0.167848426
0.168648423
0.17023736
0.174156611
0.178290308
0.178112165
0.177765502
0.177291171
0.176730026
0.176122921
0.175510709
0.174934245
0.17443438
0.17405197
0.173827866
0.184280956
0.183695232
0.182555825
0.181038506
0.17931905
0.177573227
0.175976811
0.174705574
0.173935289
0.179571304
0.181086448
0.181620462
0.184936046
0.190313012
0.189820109
0.188844551
0.18756477
0.186159195
0.184806257
0.183684386
0.182972014
0.182822434
0.183286932
0.185212241
0.199369145
0.199115263
0.198559618
0.197765605
0.196796621
0.19571606
0.194587319
0.193473793
0.192438878
0.191545968
0.19085846
0.190439749
0.202345122
0.201029384
0.198320297
0.194833024
0.191182732
0.187984588
0.185853756
0.185327685
0.185447945
0.185965817
0.18717187
0.189356671
0.197831488
0.196776267
0.194622051
0.191855122
0.188961759
0.186428245
0.184740858
0.184385035
0.185511588
0.187518407
0.189704085
0.191367215
0.189608019
0.17635674
0.177251656
0.178896562
0.180856681
0.182697236
0.183983451
0.184255948
0.182884835
0.180418321
0.177750611
0.17577591
0.175449366
0.17764951
0.180416215
0.180924218
0.174388953
0.166210037
0.169940715
0.171608735
0.172707619
0.173356097
0.173672901
0.173776761
0.173692638
0.172147303
0.169299055
0.165923437
0.162795993
0.160692267
0.166932662
0.168601897
0.169700952
0.170348944
0.17066499
0.170768208
0.170683602
0.169133515
0.166277809
0.162895959
0.159767437
0.157671718
0.164170402
0.166378569
0.167834389
0.168694521
0.169115625
0.169254359
0.169189499
0.167905214
0.165537041
0.162728237
0.160122059
0.158361764
0.164117701
0.166342938
0.167812377
0.168682775
0.169110891
0.169253481
0.169000608
0.165037764
0.160114538
0.158741485
0.159161482
0.160846918
0.175263952
0.174782554
0.173823395
0.172598814
0.171321149
0.170202737
0.169455916
0.169315996
0.170280111
0.172108659
0.174311876
0.176399998
0.177883263
0.178258098
0.176954145
0.174521406
0.17184869
0.169824803
0.169268215
0.169329654
0.169601392
0.170240099
0.171402441
0.173245088
0.187204944
0.181651096
0.173623848
0.170792897
0.171182439
0.172002503
0.173125476
0.17442375
0.175769714
0.17701098
0.177641728
0.178773628
0.193342856
0.192774374
0.191441543
0.189571847
0.187392771
0.1851318
0.18301642
0.181274115
0.180132371
0.179804851
0.17999478
0.180945333
0.190971475
0.196356127
0.196091467
0.195434524
0.194474454
0.193300411
0.192001551
0.190667029
0.189386
0.188247619
0.187341042
0.186755423
0.193479983
0.199377644
0.199145244
0.198547901
0.197667996
0.196587907
0.195390016
0.194156701
0.192970343
0.191913321
0.191068015
0.190516804
0.202386373
0.201776618
0.200207986
0.197959625
0.195310686
0.192540316
0.189927666
0.187751884
0.18629212
0.18582154
0.185982016
0.1868627
0.200876556
0.20059701
0.199844793
0.198715396
0.197304307
0.195707014
0.194019008
0.192335775
0.190752806
0.189365589
0.188269613
0.187560366
0.199378068
0.199035627
0.198114243
0.196730993
0.195002953
0.1930472
0.190980809
0.188920857
0.186984421
0.185288577
0.183950401
0.183086971
0.199378207
0.199063567
0.19819414
0.196881665
0.195237883
0.193374532
0.191403352
0.189436083
0.187584465
0.185960237
0.184675139
0.183840909
0.189597192
0.196357683
0.195985143
0.19496432
0.193440405
0.191558592
0.189464071
0.187302036
0.185217679
0.183356192
0.181862768
0.180882599
0.196754039
0.197544877
0.196639803
0.195269682
0.193551507
0.191602271
0.189538966
0.187478586
0.185538124
0.183834573
0.182484926
0.181606176
0.193348957
0.193080275
0.192337727
0.191216563
0.189812033
0.188219385
0.18653387
0.184850735
0.183265231
0.181872607
0.180768112
0.180046995
0.190340232
0.196047169
0.19515259
0.193790623
0.192078262
0.190132501
0.188070331
0.186008746
0.184064739
0.182355304
0.180997432
0.180108117
0.18827673
0.191592146
0.190858143
0.189743618
0.188343821
0.186754003
0.185069411
0.183385295
0.181796905
0.18039949
0.179288299
0.178558581
0.184322781
0.190115217
0.189466862
0.188479567
0.187237961
0.185826674
0.184330334
0.182833571
0.181421015
0.180177293
0.179187036
0.178534872
0.181871227
0.190133324
0.189528595
0.188605067
0.187442141
0.186119221
0.184715707
0.183311002
0.181984509
0.180815628
0.179883763
0.179268315
0.179999632
0.192439387
0.19405048
0.195145592
0.195824294
0.196186154
0.196330744
0.196357633
0.190163477
0.182816852
0.183302436
0.184554499
0.186174253
0.18776701
0.188804858
0.189429047
0.190344791
0.19225813
0.195875103
0.198851549
0.190706797
0.185835649
0.186222231
0.187305708
0.188749427
0.190229896
0.191971995
0.194274445
0.196621099
0.198491453
0.199365005
0.198678634
0.196548153
0.193658951
0.190700774
0.18836337
0.187336486
0.195297144
0.19618862
0.196360764
0.196455837
0.197116099
0.198983813
0.204470343
0.201456271
0.197310926
0.193035435
0.189630924
0.188098517
0.200767755
0.204534578
0.205387136
0.204663238
0.202414755
0.199744825
0.196882916
0.193105667
0.189023714
0.185274057
0.182493694
0.181319624
0.193310724
0.193133114
0.192415863
0.191302072
0.189901738
0.18832486
0.186681433
0.185081454
0.183634922
0.182451833
0.181642184
0.181315973
0.193348957
0.193348957
0.193348957
0.193348957
0.193348957
0.193348957
0.193348957
0.193348957
0.193348957
0.190912727
0.185050182
0.181347199
0.186801007
0.185163945
0.182840042
0.180259921
0.1778542
0.176053502
0.175288447
0.176091461
0.178236053
0.180881711
0.183186307
0.184307713
0.183610193
0.181474755
0.178587846
0.17563574
0.173304714
0.172281043
0.180589024
0.182350368
0.18344696
0.184036238
0.184275639
0.1843226
0.18362543
0.181500973
0.178618181
0.175663331
0.173322697
0.172282555
0.180564391
0.182331957
0.183434886
0.184029845
0.184273504
0.18432253
0.1836973
0.181726789
0.179032613
0.176258031
0.174046298
0.173040672
0.17980811
0.180649685
0.180950495
0.181107048
0.181515853
0.182573419
0.189725819
0.184610593
0.175452175
0.175431715
0.175910406
0.176647568
0.177566979
0.178592414
0.179647649
0.180378194
0.181177996
0.183627528
0.196137614
0.195286614
0.193959271
0.192331356
0.190578643
0.188876904
0.187401912
0.186329438
0.185835257
0.185945782
0.187010736
0.1900563
0.204270838
0.206168557
0.207373186
0.208042162
0.208332922
0.208402903
0.207955939
0.206040864
0.203243926
0.200251398
0.197749558
0.196424681
0.204245157
0.206148996
0.207359997
0.208034829
0.20833016
0.208402657
0.207979162
0.206083196
0.203290558
0.200290996
0.197774258
0.19643009
0.203991047
0.20574671
0.206961485
0.207734947
0.20816667
0.20835623
0.208403202
0.207743652
0.204843831
0.200851891
0.197116127
0.194984834
0.201006476
0.20211936
0.202383034
0.202439836
0.202932105
0.204502177
0.20943389
0.201697067
0.195316624
0.195091028
0.196044653
0.197436677
0.198940431
0.200541488
0.202757985
0.205136947
0.207159289
0.208305928
0.208040564
0.206303748
0.203708184
0.200897128
0.198513839
0.197201573
0.203906517
0.20568459
0.206918905
0.207708672
0.208153097
0.208351388
0.208402753
0.208080939
0.206483093
0.204129592
0.201676471
0.199779767
0.198754723
0.197846428
0.197027951
0.196351164
0.195867936
0.195630139
0.209781947
0.209025622
0.207711268
0.205966874
0.203920428
0.201699917
0.199433331
0.197248657
0.195273884
0.193636999
0.192465992
0.191888851
0.20388039
0.203849503
0.203787027
0.203689043
0.203551628
0.203370863
0.203142825
0.202863595
0.20252925
0.200228809
0.192191539
0.185577811
0.196189516
0.195336944
0.193886984
0.191978241
0.18974932
0.187338826
0.184885364
0.182527541
0.180403959
0.178653226
0.177413946
0.176824724
0.188226832
0.185486668
0.181455051
0.177133108
0.173521964
0.171622745
0.173461121
0.179297575
0.183955579
0.181773465
0.173174069
0.166577198
0.177677632
0.175109943
0.171399183
0.167459809
0.164206278
0.162553046
0.170773867
0.17212876
0.171513449
0.170513616
0.169232074
0.167771636
0.166235117
0.164725329
0.163345086
0.162197202
0.161384489
0.161009762
0.172077657
0.171249367
0.169937703
0.168318436
0.16656734
0.164860188
0.16337275
0.162280801
0.161760113
0.162004938
0.163093063
0.16493578
0.171127094
0.172141652
0.171565565
0.170665496
0.169583543
0.168461802
0.167442372
0.166667348
0.166278829
0.166365548
0.167450921
0.17070138
0.184191032
0.183525251
0.18243127
0.181059864
0.179561807
0.178087875
0.17678884
0.175815479
0.175318566
0.17553754
0.176762167
0.178878244
0.18520293
0.187180608
0.186373107
0.185056633
0.183445943
0.181755793
0.18020094
0.178996139
0.178356147
0.178382689
0.179336958
0.182341539
0.196302173
0.195942172
0.195301694
0.194444054
0.193432563
0.192330535
0.191201283
0.190108119
0.189114356
0.188283307
0.187678284
0.187362601
0.199290417
0.198686152
0.197635594
0.196289518
0.194798699
0.19331391
0.191985927
0.190965524
0.190403477
0.190513882
0.191630168
0.193658802
0.199186694
0.202350563
0.202080108
0.201591574
0.20093962
0.2001789
0.199364071
0.198549788
0.197790708
0.197141486
0.196656779
0.196391242
0.208131977
0.20591157
0.202245414
0.198090958
0.194405652
0.192146947
0.191853174
0.191904163
0.192082915
0.192469736
0.193144931
0.194188804
0.20681888
0.20615773
0.20491973
0.203232785
0.2012248
0.199023678
0.196757325
0.194553646
0.192540544
0.190845925
0.189597693
0.188923753
0.20053875
0.197964806
0.193767274
0.189039479
0.184874747
0.182366403
0.182073161
0.182140299
0.182369137
0.182858961
0.183709058
0.185018713
0.1916497
0.190225708
0.187843743
0.184990085
0.182151016
0.179812816
0.178461766
0.178613694
0.180357175
0.182912249
0.185437886
0.187093059
0.187080342
0.185391852
0.182696331
0.179683526
0.177043184
0.175465054
0.181095053
0.179706385
0.177512533
0.175070717
0.172938159
0.171672079
0.185710685
0.184941497
0.183637575
0.182034287
0.180367002
0.178871091
0.177666319
0.176361082
0.175024941
0.173808348
0.172861755
0.172335616
0.184234572
0.183608529
0.182559934
0.181301124
0.180044437
0.179002212
0.178386786
0.178572731
0.180266255
0.182805013
0.185347976
0.187054115
0.187117179
0.185483317
0.182814834
0.179801478
0.177132995
0.175499133
0.182493369
0.184369158
0.185684145
0.186537903
0.187030008
0.187260034
0.187327558
0.185389919
0.17580494
0.173937463
0.174892403
0.176391511
0.178041825
0.17939255
0.1801159
0.180814451
0.182194412
0.184961994
0.193210081
0.191947814
0.189820649
0.18738301
0.185189315
0.183793986
0.183572366
0.183677563
0.184056853
0.184885889
0.186340321
0.188595799
0.195550664
0.188675542
0.181241909
0.180032476
0.181582468
0.183531451
0.184732898
0.185396339
0.185850266
0.186295832
0.186934187
0.187966481
0.191716308
0.196331299
0.196031356
0.195451387
0.194659526
0.193723904
0.192712654
0.191693911
0.190735805
0.18990647
0.189274039
0.188906644
0.200351272
0.202542885
0.20398526
0.204835065
0.205248967
0.205383637
0.204875543
0.198389782
0.190707214
0.188891493
0.189475592
0.190722067
0.194371035
0.199344147
0.198882011
0.197965288
0.19670378
0.195207293
0.193585628
0.191948591
0.190405986
0.189067616
0.188043284
0.187442796
0.199351114
0.198943413
0.198116056
0.196959292
0.195563369
0.194018536
0.192415041
0.190843134
0.189393062
0.188155074
0.187219419
0.186676345
0.197826337
0.197200314
0.195930237
0.19415506
0.192013737
0.189645224
0.187188475
0.184782444
0.182566086
0.180678355
0.179258207
0.178444595
0.194779451
0.193606086
0.19130998
0.188249836
0.184784359
0.181272249
0.178072212
0.175542949
0.174043163
0.173803765
0.174289465
0.176130432
0.190308065
0.189847455
0.188919077
0.187623742
0.186062263
0.184335452
0.182544121
0.180789082
0.179171148
0.177791131
0.176749843
0.176148097
0.187218808
0.185683062
0.182831324
0.17928143
0.175651218
0.172558524
0.170621184
0.170276718
0.170441054
0.171045153
0.172374066
0.174712847
0.182698742
0.181251462
0.178680994
0.175676412
0.172926786
0.171121188
0.170781361
0.17088671
0.171284026
0.172166858
0.173728757
0.176163272
0.184221662
0.182802484
0.180245223
0.177239626
0.17447544
0.172642414
0.172278565
0.172358665
0.172669895
0.173369213
0.174613575
0.176559938
0.184239958
0.18301545
0.180791545
0.17816848
0.175746496
0.174125831
0.173789208
0.173886904
0.174268825
0.175128521
0.176659541
0.179055435
0.187258843
0.185988646
0.183628128
0.180820546
0.178209157
0.17643722
0.193287003
0.191978643
0.189487618
0.18649953
0.183699983
0.181774581
0.188092169
0.190350458
0.191847001
0.192738457
0.193181485
0.193332744
0.193292915
0.191930835
0.189294539
0.186116336
0.183128533
0.181063438
0.18167855
0.188153232
0.191019583
0.193355578
0.195076956
0.196099456
0.196310855
0.194981729
0.192363741
0.1891892
0.186190412
0.184099686
0.184533548
0.191066994
0.193945558
0.196301871
0.198048628
0.199098526
0.199197121
0.193448887
0.185465021
0.182834715
0.183334693
0.184495298
0.187122559
0.19334005
0.193048038
0.192403901
0.191489911
0.190388341
0.189181462
0.187951546
0.186780867
0.185751696
0.184946305
0.184446968
0.196351114
0.19609126
0.195502563
0.194653461
0.19361239
0.19244779
0.191228097
0.190021749
0.188897184
0.187922841
0.187167156
0.186698567
0.195080328
0.199373184
0.19910106
0.198472795
0.197570545
0.196476463
0.195272705
0.194041425
0.192864777
0.191824918
0.191004
0.19048418
0.202384226
0.202164362
0.201636851
0.20086493
0.199911835
0.198840804
0.197715073
0.196597879
0.195552458
0.194642048
0.193929886
0.193479208
0.205390636
0.204714512
0.203095159
0.200812468
0.198146329
0.19537663
0.192783262
0.190646114
0.189245075
0.188842827
0.189032771
0.189983333
0.203885294
0.20386963
0.20382457
0.203746184
0.203630539
0.203473707
0.203271754
0.203020752
0.202716769
0.202319216
0.196839373
0.188433755
0.196354255
0.196028258
0.195238185
0.194079525
0.192647767
0.1910384
0.189346913
0.187668794
0.186099532
0.184734616
0.183669536
0.182999779
0.194849663
0.193959556
0.191873623
0.18894936
0.185544264
0.182015832
0.17872156
0.176018945
0.174265483
0.173787947
0.173993726
0.174986283
0.18883699
0.188501027
0.187703178
0.186538777
0.185103156
0.183491646
0.181799581
0.180122292
0.178555112
0.177193373
0.176132408
0.175467548
0.181292888
0.18021168
0.177956527
0.175170688
0.172497418
0.170579975
0.170022903
0.170070685
0.170295972
0.170836967
0.171831873
0.17341889
0.181300197
0.180484494
0.178705639
0.176376117
0.173908412
0.17171501
0.170208395
0.169810026
0.170972528
0.17319616
0.17568607
0.1776474
0.178284331
0.177071732
0.174517774
0.171355441
0.168317714
0.166137577
0.166069988
0.172727093
0.175306144
0.177455666
0.179153275
0.180376588
0.18110322
0.181291904
0.179368097
0.175401269
0.170899184
0.167369608
0.172592989
0.173984922
0.174471283
0.174537632
0.174669533
0.175352546
0.182804314
0.181745498
0.179391226
0.176430572
0.173552606
0.171446401
0.170777962
0.170840562
0.17114674
0.171890048
0.173264035
0.175462251
0.184302618
0.180697262
0.174816455
0.172276149
0.172292552
0.17237474
0.17257579
0.172948781
0.173546789
0.174422892
0.175630169
0.177221696
0.190339929
0.19000982
0.189160217
0.187941698
0.186504842
0.185000226
0.183578427
0.182390024
0.181585595
0.181316793
0.181927498
0.183511823
0.185956045
0.193348957
0.192890769
0.191683962
0.189980173
0.188031038
0.186088195
0.184403278
0.183227926
0.182812664
0.183067636
0.184513125
0.191163369
0.201496384
0.203101837
0.204192291
0.204867321
0.205226503
0.205369411
0.20539562
0.204161264
0.200847786
0.196792746
0.193344439
0.191851158
0.197890232
0.198512445
0.198620554
0.19870101
0.199240269
0.200724784
0.206197961
0.204178102
0.201467464
0.198708632
0.196544191
0.195616727
0.19572417
0.196094298
0.196752243
0.197725219
0.19904044
0.20072512
0.208150247
0.20823945
0.207699953
0.206864674
0.205815662
0.204634963
0.203404626
0.202206697
0.201123225
0.200236256
0.199627839
0.19938002
0.210445075
0.207398566
0.203240807
0.198972925
0.195596044
0.194111291
0.194120484
0.194236831
0.194553221
0.195169736
0.196186453
0.197703456
0.202713377
0.199206142
0.194476393
0.189661352
0.185898243
0.184324288
0.19000975
0.195705022
0.199331442
0.198831309
0.197109586
0.194536089
0.191442894
0.188162076
0.185025711
0.182365874
0.180514642
0.179804089
0.191809702
0.191669302
0.191423254
0.191065817
0.190591252
0.189993821
0.189267784
0.188407401
0.187406933
0.182691718
0.174352542
0.173087946
0.181079473
0.180393861
0.17934681
0.178028342
0.176528479
0.174937243
0.173344657
0.171840743
0.170515524
0.16945902
0.168761255
0.170574441
0.17955559
0.178830168
0.177722321
0.176327296
0.174740344
0.173056715
0.171371656
0.169780418
0.16837825
0.167260401
0.16652212
0.167372535
0.178022069
0.177207421
0.176011313
0.17458452
0.173077816
0.171641976
0.170427775
0.169585988
0.169267388
0.169796022
0.171311841
0.173676088
0.181203018
0.181036298
0.180213941
0.179023125
0.17764228
0.176249837
0.175024227
0.17414388
0.173787227
0.173921436
0.174838646
0.177300341
0.190286943
0.190096202
0.189301627
0.188127887
0.186753412
0.185356633
0.184115982
0.183209887
0.182816781
0.182919746
0.183761144
0.186117947
0.199290263
0.199073102
0.197991607
0.196366116
0.194447319
0.192485905
0.190732563
0.189437982
0.188852852
0.188966667
0.189940194
0.192651345
0.205255678
0.204688697
0.203764654
0.202568262
0.201184232
0.199697277
0.198192109
0.19675344
0.195465982
0.194414447
0.193683548
0.193357996
0.20469867
0.202067701
0.198330239
0.194400741
0.191193664
0.189623465
0.189602251
0.189745399
0.190152417
0.190961128
0.192309348
0.1943349
0.200424928
0.198705083
0.196153697
0.193257052
0.190501429
0.188373108
0.187358369
0.187864459
0.189567426
0.191764305
0.193749507
0.194817442
0.180278976
0.179927038
0.18177172
0.184113543
0.186204926
0.187298289
0.186406551
0.183286313
0.178963694
0.174488809
0.170911772
0.169282695
0.181235072
0.181112614
0.180409459
0.179306618
0.177913895
0.176341093
0.174698017
0.17309447
0.171640257
0.170445181
0.169619046
0.169271655
0.181151671
0.180560877
0.179618104
0.178408065
0.17701547
0.175525034
0.174021467
0.172589481
0.17131379
0.170279105
0.169570137
0.169271601
0.18314084
0.184832132
0.185993488
0.186724484
0.187124695
0.187293696
0.187331062
0.186393941
0.183125177
0.178861075
0.175033776
0.17307542
0.179887612
0.180749115
0.180931753
0.1809989
0.181513929
0.18304021
0.196070355
0.196189371
0.195468193
0.194341721
0.192988106
0.1915855
0.190312053
0.189345917
0.188865242
0.188932163
0.189881105
0.192756979
0.206916865
0.208696217
0.209930713
0.210719923
0.211163417
0.211360765
0.211411536
0.210826584
0.207998492
0.20402435
0.200252452
0.198031092
0.203943938
0.20510415
0.205389459
0.205442204
0.205904721
0.207419348
0.213940335
0.211346735
0.207381593
0.203046035
0.199341185
0.197268171
0.203682701
0.205149442
0.206083744
0.206605661
0.206835244
0.206892546
0.206316594
0.203429413
0.199082642
0.194369607
0.190383634
0.188218047
0.198798025
0.196093901
0.192078303
0.187752355
0.184117184
0.182173916
0.184510895
0.192270718
0.198728125
0.197720303
0.191390928
0.186193378
0.191162635
0.188163953
0.183772022
0.179075317
0.175162315
0.173121494
0.181663835
0.183812445
0.184313663
0.181799918
0.173502997
0.167271175
0.167024083
0.167119937
0.167400909
0.167966589
0.168916564
0.170350424
0.176229803
0.174009212
0.170825972
0.167459555
0.164689436
0.163295087
0.163267906
0.163425639
0.16387984
0.164787169
0.166304285
0.168587847
0.174785787
0.172824185
0.170009006
0.167025855
0.164560334
0.163298047
0.163266783
0.163420937
0.163869868
0.164771003
0.16628177
0.168559596
0.173484029
0.16778188
0.163457966
0.163414353
0.164052226
0.16505171
0.166285195
0.16762507
0.168943726
0.170082631
0.171233485
0.173043759
0.179719329
0.181289866
0.181173266
0.180978441
0.180725816
0.180435814
0.180128859
0.179825377
0.179545792
0.179310527
0.179140007
0.179054656
0.191966287
0.193949837
0.195223
0.195943206
0.196267882
0.196354455
0.195295962
0.190527875
0.186276916
0.185888353
0.186719257
0.189327438
0.20226568
0.201517759
0.200340701
0.199030463
0.197883001
0.197194271
0.20831489
0.207694036
0.206695345
0.205572398
0.204578778
0.203968068
0.209078357
0.214373548
0.213979037
0.213255104
0.212283799
0.211147168
0.209927259
0.208706119
0.207565796
0.206588338
0.20585579
0.205450202
0.217382813
0.216948409
0.216130211
0.21501285
0.213680953
0.212219151
0.210712071
0.209244345
0.2079006
0.206765466
0.205923572
0.205459548
0.217241246
0.21554727
0.212599954
0.209016706
0.205414935
0.202412052
0.200625464
0.202499526
0.211836485
0.21301712
0.202880089
0.192625878
0.208199508
0.206584336
0.203929456
0.200921145
0.198245677
0.196589328
0.202048813
0.199555807
0.195513884
0.190973157
0.18698374
0.184595746
0.192949058
0.195571189
0.196319251
0.195031713
0.187385436
0.179661098
0.177598075
0.17656777
0.17574897
0.175141257
0.174744214
0.174557423
0.188396279
0.185575464
0.181130588
0.176205357
0.171943474
0.169488645
0.17058107
0.175849162
0.180642621
0.180925487
0.178859666
0.176215164
0.173982868
0.171435505
0.168754956
0.166283328
0.164362729
0.163335268
0.17089341
0.172876959
0.174150123
0.174870329
0.175195005
0.175281578
0.174984155
0.173321059
0.170761557
0.167948234
0.165523675
0.164130465
0.17066077
0.172474598
0.173738737
0.174552389
0.175014753
0.175225032
0.175282426
0.174992316
0.173344939
0.170949246
0.168618625
0.16716646
0.167040952
0.167220316
0.167594031
0.168193015
0.169048188
0.170190466
0.175305357
0.178236477
0.177780528
0.1769734
0.175904112
0.174661683
0.17333513
0.172013474
0.170785732
0.169740924
0.168968068
0.168556184
0.1803458
0.181257269
0.18084747
0.180111106
0.179130332
0.177987303
0.176764172
0.175543096
0.174406228
0.173435723
0.172713737
0.172322423
0.184262532
0.183782829
0.182898849
0.181700532
0.180277816
0.178720641
0.177118946
0.17556267
0.174141753
0.172946134
0.172065752
0.171590546
0.182752269
0.182272566
0.181388587
0.180190269
0.178767554
0.177210379
0.175608684
0.174052408
0.172631491
0.171435872
0.17055549
0.170080284
0.181273347
0.180938614
0.180318366
0.179475841
0.178474275
0.177376906
0.17624697
0.175147703
0.174142343
0.173294127
0.172666291
0.172322072
0.184271955
0.183809556
0.182938709
0.181749578
0.180332328
0.178777125
0.177174134
0.175613521
0.174185452
0.17298009
0.172087603
0.171598155
0.182781111
0.184292434
0.184008081
0.183474466
0.182752985
0.181905032
0.180992001
0.180075286
0.179216281
0.178476382
0.177916982
0.177599476
0.188296411
0.191447183
0.193965118
0.196014828
0.197587261
0.198673362
0.199264078
0.198196833
0.187714023
0.184555758
0.186522704
0.189126935
0.190791363
0.191547808
0.191932443
0.192329888
0.193124763
0.194701688
0.209191914
0.21144181
0.212931527
0.213817723
0.214257058
0.21440619
0.214223966
0.210401977
0.205422606
0.203889211
0.204078412
0.204863988
0.206669657
0.220442165
0.220149772
0.219504793
0.218589608
0.217486598
0.216278141
0.215046618
0.213874408
0.212843892
0.212037448
0.211537458
0.223449648
0.223047741
0.222137443
0.220824892
0.219216222
0.217417569
0.215535069
0.213674858
0.211943071
0.210445843
0.209289311
0.208579611
0.220401999
0.218584115
0.214906484
0.210413908
0.206151189
0.203163126
0.202387588
0.20243376
0.202638733
0.203121324
0.204000353
0.205394638
0.210983004
0.195478115
0.192989431
0.191263687
0.190194834
0.189676822
0.189973374
0.194649993
0.200468114
0.201874057
0.192715377
0.181258207
0.19274733
0.18355274
0.181494895
0.17973054
0.178239889
0.177003156
0.176000552
0.175212292
0.174618589
0.174199656
0.173935706
0.173806952
0.185674989
0.183623349
0.179929862
0.175595655
0.171621853
0.169009583
0.168514627
0.168586682
0.168863346
0.169482439
0.17058178
0.17229919
0.17968262
0.178065342
0.175173625
0.171786942
0.168684767
0.166646573
0.166261457
0.166344454
0.16666125
0.167368514
0.168622915
0.170581119
0.178198271
0.176768668
0.174210142
0.171208968
0.168451421
0.166623778
0.166260378
0.166319504
0.166552149
0.16707743
0.168014465
0.169482372
0.176680994
0.175080397
0.172197566
0.168811974
0.165703095
0.163650404
0.163252554
0.163334016
0.163647717
0.164350316
0.165598472
0.167548843
0.175184119
0.173770656
0.17122252
0.168225314
0.165464641
0.163626104
0.163263005
0.163439005
0.163844179
0.164508822
0.16546323
0.166737699
0.169941818
0.175149113
0.173202253
0.169868208
0.166337695
0.163801431
0.16325206
0.163328976
0.16363343
0.164322083
0.165551592
0.167478618
0.181287896
0.18074637
0.179637838
0.178138664
0.176425209
0.174673836
0.173060908
0.171762787
0.170955835
0.170782522
0.171041785
0.172148101
0.183869155
0.187323458
0.18709925
0.186612888
0.185925767
0.18509928
0.184194822
0.183273788
0.182397572
0.181627568
0.18102517
0.180651774
0.189456144
0.193333037
0.192722977
0.191410985
0.189647754
0.18768397
0.185770325
0.184157506
0.183096205
0.182816758
0.183200774
0.184952039
0.199372555
0.198983212
0.198088774
0.196840015
0.195387711
0.193882635
0.192475564
0.19131727
0.190558529
0.190356292
0.191070573
0.192747966
0.195529111
0.20238377
0.202084603
0.20136575
0.200323249
0.199053137
0.197651454
0.196214236
0.194837522
0.193617351
0.192649759
0.192030786
0.203880853
0.203269037
0.20180326
0.199736174
0.197320429
0.194808677
0.192453568
0.190507754
0.189223886
0.188842546
0.189023575
0.189952874
0.203884005
0.203578556
0.202805213
0.201659464
0.200236796
0.1986327
0.196942664
0.195262177
0.193686728
0.192311805
0.191232897
0.190545494
0.202385228
0.20201106
0.201063802
0.199660532
0.197918326
0.19595426
0.19388541
0.191828854
0.189901667
0.188220926
0.186903707
0.186067087
0.197865926
0.197520695
0.196656461
0.195379359
0.193795525
0.192011094
0.190132203
0.188264987
0.186515581
0.184990121
0.183794744
0.183035584
0.193347304
0.193120036
0.192557267
0.191727607
0.190699666
0.189542052
0.188323376
0.187112247
0.185977274
0.184987068
0.184210237
0.183715392
0.19063381
0.196356152
0.195920125
0.19485701
0.193381563
0.19170854
0.190052697
0.188628792
0.187651579
0.187337106
0.187981103
0.189597043
0.192116918
0.199377823
0.198963386
0.197914589
0.196446471
0.194774067
0.193112415
0.191676552
0.190681515
0.190340575
0.190646913
0.192335298
0.204301736
0.208159337
0.207474606
0.206475095
0.205285967
0.204032381
0.202839498
0.201832479
0.201136482
0.20087667
0.201208022
0.202203537
0.203865405
0.211367166
0.211189345
0.210531188
0.209534016
0.208293869
0.206906783
0.205468797
0.204075949
0.202824277
0.201809818
0.201128612
0.200876697
0.21723605
0.21661459
0.215648266
0.214421707
0.213019543
0.211526402
0.210026914
0.208605708
0.207347414
0.206336659
0.205658074
0.205396288
0.216374559
0.213264379
0.209082993
0.20483153
0.201511113
0.200122868
0.20014
0.200262421
0.200588888
0.201219485
0.202254297
0.203793407
0.214780285
0.211389141
0.206832875
0.202205499
0.198601023
0.197113459
0.197131727
0.19725509
0.197582494
0.198213526
0.199247776
0.200784832
0.19134314
0.191809849
0.193041869
0.194787037
0.196793192
0.198808173
0.200579818
0.201855965
0.202384454
0.197638866
0.187917392
0.188841768
0.193617403
0.190384685
0.186160852
0.18194703
0.178744346
0.177560266
0.181015211
0.187042798
0.19033861
0.189417257
0.186774288
0.182710565
0.172156458
0.170578352
0.16923282
0.168102648
0.167170623
0.166419533
0.165832163
0.165391302
0.165079735
0.16488025
0.164775635
0.17679471
0.176397157
0.175341257
0.173760683
0.171789112
0.169560216
0.167207672
0.164865153
0.162666334
0.16074489
0.159234496
0.158268826
0.169266447
0.169000074
0.168317749
0.1673041
0.166043757
0.16462135
0.163121506
0.161628857
0.16022803
0.159003654
0.15804036
0.157422776
0.169266923
0.169087591
0.168622667
0.167930021
0.167067525
0.166093049
0.165064464
0.16403964
0.163076449
0.162232761
0.161566446
0.161135377
0.172275991
0.17206081
0.171499615
0.170692122
0.169738046
0.168737103
0.167789011
0.166993483
0.166450237
0.166259523
0.166838812
0.168398535
0.170806984
0.178297984
0.178054872
0.177375977
0.176410907
0.175302038
0.174191745
0.173222404
0.17253639
0.17227608
0.17281525
0.17434024
0.176712271
0.184237237
0.184039209
0.183212285
0.182018685
0.180636841
0.179245183
0.178022143
0.17714615
0.176795635
0.176983817
0.178267883
0.181718788
0.195590771
0.197369227
0.198480212
0.199080684
0.199327599
0.199377914
0.197301833
0.192194411
0.188884626
0.188911088
0.189406069
0.190749681
0.193364687
0.205246923
0.204690833
0.203806651
0.202683534
0.201410636
0.200077113
0.198772119
0.19758481
0.196604341
0.195919867
0.195620543
0.208238123
0.208308965
0.207932337
0.207327004
0.206554529
0.205676475
0.204754403
0.203849877
0.203024458
0.20233971
0.201857194
0.201638473
0.214178975
0.214172239
0.213145094
0.211553898
0.20964934
0.207682109
0.205902896
0.204562389
0.203911278
0.203976114
0.204841614
0.2073952
0.220342672
0.219838427
0.218994401
0.217889796
0.216603817
0.215215666
0.213804546
0.212449659
0.211230211
0.210225402
0.209514437
0.209176519
0.220369172
0.219971651
0.219300895
0.2184203
0.217393262
0.216283175
0.215153435
0.214067438
0.21308858
0.212280256
0.211705862
0.211428793
0.223036496
0.221012412
0.217870044
0.214227227
0.2107018
0.207911599
0.206474459
0.210376319
0.219391318
0.219976331
0.217908395
0.215224728
0.212488532
0.208818688
0.204736477
0.200882045
0.197895537
0.196417099
0.20839004
0.208317013
0.208176997
0.207964234
0.207672966
0.207297437
0.206831888
0.206270562
0.205607702
0.202519501
0.194320655
0.188331867
0.198701033
0.196093314
0.192371043
0.188444059
0.185222199
0.183615303
0.184753869
0.187911285
0.190229797
0.187215239
0.178420884
0.172397489
0.181944841
0.183900036
0.184318947
0.181136992
0.17269977
0.167099056
0.169278192
0.174563031
0.178192713
0.177502874
0.175137825
0.172586813
0.170422191
0.167953965
0.165468852
0.163275884
0.161684092
0.161002509
0.170013624
0.171887288
0.172273701
0.171864219
0.170457295
0.168318127
0.165725665
0.162958859
0.160296659
0.158018016
0.15640188
0.155727201
0.166025129
0.165253217
0.164086791
0.162676429
0.161172708
0.159726207
0.158487504
0.157607176
0.157235801
0.157669607
0.159098108
0.161386213
0.168793969
0.169085604
0.168463136
0.167533738
0.166439508
0.165322542
0.164324938
0.163588792
0.163256202
0.163383334
0.164491896
0.167645013
0.181158407
0.180965514
0.179612508
0.177541879
0.175078343
0.172546617
0.170271417
0.168577459
0.16778946
0.174935937
0.175341649
0.177123168
0.191964123
0.193074348
0.193338421
0.193397372
0.193892234
0.19546404
0.201150556
0.196291356
0.192195535
0.192140394
0.194934833
0.203045474
0.21838037
0.20804759
0.198781396
0.211831256
0.21877411
0.222214942
0.229573349
0.230242318
0.219588631
0.217437459
0.217548081
0.217917316
0.218700527
0.220053077
0.22213033
0.231056478
0.232310284
0.232935665
0.23708757
0.242576582
0.24425244
0.24519468
0.24606422
0.247521976
0.25166415
0.254881341
0.240046453
0.247747004
0.252668469
0.25505752
0.274064572
0.276745136
0.259370478
0.252078528
0.252619906
0.254614117
0.286622437
0.28407522
0.27883295
0.272413968
0.266336612
0.262119222
0.279052532
0.275748242
0.269149343
0.261160233
0.253685311
0.248628974
0.255033427
0.256442299
0.256892538
0.256947194
0.25716932
0.258121968
0.265511327
0.263523112
0.259744452
0.255225462
0.251016256
0.248166947
0.254179349
0.255393761
0.25578029
0.255824498
0.256011946
0.256828197