0.335726371
0.328902198
0.327727179
0.328249989
0.327049569
0.32516937
0.325642727
0.32858406
0.332179853
0.334582894
0.333978734
0.330085138
0.324774226
0.32007986
0.318035903
0.320662911
0.32772542
0.332317839
0.325213329
0.311185337
0.304599061
0.311721444
0.319205727
0.324253223
0.326163522
0.324236214
0.318229184
0.310232819
0.303077704
0.299594725
0.302614767
0.310138627
0.293511261
0.271421206
0.269002305
0.277513486
0.284742478
0.292468486
0.301733963
0.307251186
0.30169565
0.278967624
0.271743672
0.28552924
0.280978451
0.265006183
0.260227768
0.268290535
0.271570535
0.267023714
0.258654817
0.25363176
0.255806801
0.26091739
0.263712881
0.26223153
0.257043398
0.249318911
0.242244822
0.239389765
0.241587836
0.246557316
0.251846983
0.255478465
0.257308875
0.257640636
0.256776174
0.255017912
0.252668274
0.250029684
0.247404565
0.245095342
0.243390714
0.242347465
0.241829227
0.241693737
0.241798734
0.242001955
0.242161138
0.242134022
0.241778343
0.24095184
0.239513514
0.237448747
0.234975304
0.232335909
0.229773288
0.227530166
0.225849268
0.224973319
0.225161046
0.226965331
0.231197217
0.237443294
0.241706211
0.243621257
0.243712605
0.242504426
0.240520891
0.238286173
0.236321448
0.23478543
0.23313288
0.230794236
0.227849541
0.224794219
0.222130452
0.220360422
0.219986313
0.221432374
0.224227773
0.227329325
0.229684534
0.230259479
0.228835665
0.226311207
0.223664905
0.221875559
0.221917384
0.224081904
0.227259575
0.230168866
0.231528249
0.230056578
0.22541732
0.220250592
0.217682442
0.218563563
0.221469291
0.225021179
0.228557445
0.231637117
0.233819281
0.234663026
0.233814035
0.231600743
0.228675164
0.225691255
0.223302973
0.222164276
0.222929121
0.226251412
0.232301796
0.239586469
0.246283871
0.251339821
0.254508627
0.255583137
0.254356201
0.250620668
0.24428973
0.238477115
0.239027118
0.245597815
0.254556049
0.2577007
0.250047014
0.247307197
0.253914586
0.264007349
0.268829958
0.261310867
0.259359815
0.269242742
0.279253029
0.279229863
0.273523777
0.271597986
0.27795446
0.288674667
0.297188185
0.28728348
0.277624997
0.28918419
0.307395264
0.313185078
0.30577971
0.299251939
0.304342792
0.316752238
0.32819345
0.324656856
0.311989885
0.314747632
0.328377786
0.336817269
0.332767173
0.324657416
0.321804459
0.325820424
0.333771649
0.342265193
0.348351101
0.351787136
0.352642443
0.350986168
0.347111262
0.342261283
0.337932127
0.335619689
0.336819869
0.342137983
0.347377878
0.351051043
0.353075848
0.353370697
0.351908576
0.349267255
0.34640101
0.344269804
0.343833603
0.345929617
0.348932992
0.348942186
0.34336097
0.336058574
0.332697162
0.335240481
0.340587534
0.345271348
0.345824949
0.338791723
0.322366861
0.302998622
0.293629308
0.295275466
0.300771068
0.308123637
0.322797808
0.333831356
0.332991886
0.31717711
0.294219485
0.299802595
0.304906799
0.290092905
0.273592578
0.273652867
0.28548591
0.293424419
0.288791201
0.27821689
0.269231974
0.256863967
0.243790713
0.238463963
0.239919436
0.24521498
0.251330066
0.254159554
0.250252189
0.243724799
0.241092533
0.243894683
0.24588676
0.241194993
0.232772572
0.227981079
0.230552372
0.235572892
0.237249708
0.235076411
0.232510366
0.232159722
0.233176744
0.233924121
0.232764542
0.228060697
0.219482606
0.212408084
0.208078153
0.206131756
0.206207833
0.207945327
0.210983179
0.214960294
0.219501881
0.224198928
0.228637271
0.232404445
0.235089362
0.236280975
0.235568236
0.232540097
0.22694717
0.22127155
0.219547706
0.221459348
0.22502458
0.228726235
0.2318843
0.233905667
0.234197228
0.232167334
0.228177325
0.225183594
0.226368327
0.231182343
0.235886248
0.236642319
0.232489566
0.230183379
0.233502751
0.240789165
0.247653538
0.241619058
0.237112979
0.245678293
0.256592602
0.257945116
0.252068099
0.250155868
0.258501546
0.26886762
0.2709154
0.26442366
0.258526837
0.260620022
0.268666318
0.277838633
0.278426423
0.271154851
0.270983657
0.277870258
0.284955805
0.285532219
0.280747478
0.281665944
0.290107968
0.301309997
0.304499507
0.290678687
0.288542589
0.30496007
0.320433859
0.319414587
0.310503349
0.309303595
0.320380554
0.332360575
0.33425911
0.327546222
0.319420267
0.314813862
0.31367741
0.315308561
0.319004967
0.324064278
0.329784145
0.335462219
0.340404267
0.34411174
0.346286955
0.346641376
0.344886466
0.340755065
0.33520305
0.331048579
0.330897445
0.334251089
0.339057598
0.343656599
0.347312844
0.349420332
0.349373061
0.346565061
0.340987414
0.334749796
0.330431583
0.330612153
0.337870883
0.351396162
0.357087733
0.354848803
0.34927279
0.344953107
0.345852418
0.350256425
0.353451736
0.352647308
0.349923092
0.347979224
0.347522465
0.347684189
0.347552815
0.346216761
0.342803529
0.337654366
0.332530141
0.329272304
0.329722303
0.335643641
0.342514815
0.343064973
0.339272057
0.333729092
0.329027646
0.326980728
0.327341528
0.329526491
0.33295206
0.337034679
0.341055709
0.34373972
0.343667847
0.339421223
0.329580985
0.314114374
0.30201264
0.305760489
0.324832198
0.33409899
0.313472049
0.311196138
0.326545738
0.329902907
0.324193002
0.317929784
0.314445107
0.312402604
0.310561765
0.308867166
0.307589696
0.306684046
0.305683165
0.304090688
0.301410251
0.297149881
0.291406044
0.285449922
0.280692228
0.278543669
0.28041366
0.285431548
0.288683528
0.290060564
0.290208094
0.289771557
0.28928219
0.288724132
0.287917881
0.286683905
0.284842674
0.28226792
0.279239933
0.276226391
0.273695972
0.272117353
0.271959213
0.273574124
0.276399241
0.279437868
0.281690704
0.282194678
0.280860503
0.278495774
0.275948934
0.274068427
0.27369182
0.275034419
0.277364023
0.279868885
0.281737256
0.282159325
0.280793955
0.278375465
0.275788424
0.273917401
0.273646941
0.275468426
0.27847811
0.281462943
0.283209873
0.28250585
0.278602729
0.27334501
0.269457242
0.268450332
0.269884295
0.273143071
0.277531237
0.28189698
0.284925672
0.285302485
0.281930601
0.277108051
0.275815839
0.281217651
0.289355452
0.294702737
0.295094596
0.292297928
0.288302811
0.285099318
0.284661503
0.287617357
0.292250694
0.296610221
0.298744643
0.296706409
0.290553888
0.285652441
0.287807588
0.295602395
0.301604503
0.300179925
0.293863669
0.287287733
0.284826172
0.290535111
0.3056308
0.317019755
0.321465838
0.32028094
0.314776986
0.306450401
0.298770445
0.296399289
0.301804032
0.311251864
0.319754044
0.319859928
0.31120612
0.299477543
0.290445293
0.289781691
0.299042305
0.313578975
0.327675102
0.335589403
0.331618908
0.315191707
0.295979203
0.284193434
0.282282086
0.28772801
0.29793209
0.310135371
0.321259809
0.328189461
0.327808382
0.318389973
0.304863505
0.2940783
0.289575329
0.290243365
0.294621908
0.301250458
0.308671947
0.316000655
0.323556401
0.331010778
0.329767359
0.319435721
0.306545522
0.297664127
0.299358903
0.317221867
0.344334814
0.365114748
0.363805083
0.325480233
0.277407431
0.260293777
0.266450669
0.285742749
0.308047629
0.325993177
0.338343445
0.344692749
0.344635407
0.337765855
0.324797313
0.310296314
0.299545649
0.294830692
0.295195323
0.299521811
0.306692427
0.315589439
0.325095118
0.334091732
0.341518711
0.346812977
0.349667611
0.349777811
0.346838774
0.340678041
0.333103414
0.327447097
0.326233019
0.328792478
0.33371546
0.339870481
0.346063424
0.350795048
0.352557273
0.349872579
0.343627688
0.338716884
0.339885143
0.346699767
0.355823549
0.359186191
0.351325243
0.350159835
0.358898193
0.366291022
0.364197156
0.358672158
0.35909508
0.367025177
0.374383458
0.374082741
0.369044682
0.366053934
0.368870287
0.375675608
0.383053237
0.380437531
0.371798718
0.366270839
0.364562559
0.36591357
0.369563568
0.374752244
0.380719293
0.386704407
0.391955751
0.396050722
0.398994409
0.400820485
0.401562621
0.401254489
0.399929761
0.397622109
0.394365204
0.39019272
0.385138485
0.379446697
0.373986622
0.369743094
0.367700946
0.368845013
0.373514618
0.379048536
0.381961097
0.380952396
0.377795945
0.374348446
0.371376101
0.369156339
0.367964289
0.368075076
0.369672264
0.37180794
0.37277114
0.371151449
0.366560328
0.358882028
0.349548589
0.341938407
0.339117883
0.340815561
0.345733047
0.352575997
0.356151055
0.348816027
0.33693546
0.333552562
0.340903344
0.345046075
0.341852254
0.333818752
0.327395083
0.327355641
0.332414221
0.339841111
0.343370687
0.333012003
0.309832849
0.31409331
0.330074263
0.335707869
0.325534909
0.301337518
0.301268782
0.311046154
0.304675552
0.292161518
0.287761406
0.291626262
0.29304816
0.284948129
0.274536117
0.271954618
0.277564818
0.280582774
0.272434881
0.260744485
0.258735564
0.266221704
0.269745809
0.265896288
0.25734516
0.249711262
0.248569418
0.253322293
0.253263574
0.246984233
0.24149306
0.242208828
0.247218398
0.252775649
0.255134464
0.250548725
0.237678993
0.227035726
0.221285227
0.2195645
0.221010543
0.224760356
0.229950937
0.235719285
0.241202399
0.245537279
0.24789936
0.24817066
0.246853309
0.244470492
0.241545394
0.238601199
0.236161092
0.234748258
0.23488588
0.237097143
0.24189393
0.248448674
0.254372583
0.258393983
0.259336253
0.256024043
0.248968682
0.243693233
0.246259371
0.254946877
0.260839588
0.257597016
0.252109012
0.254894797
0.267169902
0.277409207
0.275250589
0.265731296
0.260752228
0.266529278
0.277544408
0.286324451
0.282397286
0.275844527
0.280945222
0.290418297
0.293174133
0.288196438
0.284542242
0.289537243
0.299795889
0.308694524
0.312922096
0.314080388
0.314168749
0.315186527
0.319120333
0.325610813
0.331225021
0.334967945
0.336096727
0.333868723
0.328726301
0.325073679
0.327903915
0.336181634
0.342520113
0.341109024
0.335997151
0.334380719
0.338865357
0.344874754
0.347207297
0.342428386
0.336649249
0.335986411
0.338979198
0.343153558
0.347182828
0.350600652
0.35296152
0.353819918
0.35275329
0.349981227
0.346436133
0.343087544
0.340904999
0.34084745
0.343117292
0.346668585
0.350338647
0.352964797
0.35338611
0.351104103
0.347275286
0.343310383
0.340620113
0.340615199
0.343892138
0.347886783
0.349347345
0.347617133
0.345155261
0.344203742
0.344548633
0.345047693
0.344556951
0.341932436
0.336280997
0.329210293
0.323763992
0.323002854
0.329987638
0.34737436
0.370688391
0.389358582
0.392617462
0.36969756
0.312181775
0.28958003
0.328481142
0.341727971
0.322537658
0.298993518
0.288423451
0.287626378
0.291120289
0.293423176
0.289056202
0.275786355
0.260747538
0.252425654
0.252734685
0.257511527
0.263907277
0.272064174
0.272473026
0.262740564
0.25321218
0.253149899
0.257472403
0.254899627
0.241855621
0.230628337
0.233435424
0.240501761
0.241340999
0.234465369
0.226359246
0.224713867
0.229464528
0.2329903
0.229376521
0.222680501
0.21992302
0.222688797
0.224712718
0.220216737
0.212088311
0.207303182
0.2093756
0.214256297
0.217105172
0.215747559
0.20990483
0.20121344
0.195024324
0.192194779
0.192227656
0.194039232
0.19651909
0.198747156
0.200458941
0.201530994
0.201839865
0.201298362
0.200124592
0.198689584
0.197365513
0.196524553
0.196511121
0.19727033
0.198447899
0.199682293
0.200611977
0.200875417
0.200144834
0.198597588
0.196799886
0.195327942
0.194754448
0.195400588
0.197172548
0.199937706
0.203563439
0.207916522
0.212636405
0.216794607
0.219375409
0.219363097
0.215741953
0.208703597
0.203126272
0.204816957
0.21311439
0.21979189
0.218069441
0.212642676
0.21247038
0.220270474
0.227878304
0.227182875
0.221490732
0.220655115
0.229540429
0.239605832
0.240738336
0.233737267
0.228731699
0.233323351
0.243458269
0.252186588
0.256473582
0.258250483
0.259777924
0.263316927
0.27099432
0.27104899
0.256835769
0.258377513
0.275880914
0.289755536
0.287634344
0.278795594
0.275902158
0.282081727
0.291872044
0.29762207
0.291601111
0.287797116
0.294256492
0.305273149
0.31272001
0.304930062
0.296922161
0.302292048
0.314205339
0.323121556
0.319236161
0.312490168
0.316240217
0.325202073
0.330530926
0.324716017
0.316136162
0.319538671
0.330370306
0.338358844
0.338644193
0.334181819
0.328536526
0.325273115
0.327921119
0.333576138
0.333573031
0.32974345
0.324883812
0.32179037
0.322374173
0.325586741
0.329761823
0.33323317
0.334334532
0.331872907
0.327138168
0.322231642
0.319255114
0.320310369
0.326995401
0.336804117
0.345230634
0.347755641
0.33985983
0.318629438
0.300515484
0.294163118
0.296549183
0.304560634
0.315084424
0.325062104
0.332220649
0.334875934
0.331358105
0.320138036
0.308546937
0.306167445
0.309823031
0.315602073
0.319597718
0.319438481
0.316481077
0.312580622
0.308711694
0.305152979
0.302109574
0.299580849
0.297517738
0.295871174
0.29459209
0.293627662
0.29290278
0.292334148
0.29183846
0.291332409
0.290732687
0.289955988
0.288919
0.28753632
0.28571701
0.283388875
0.280811751
0.278522009
0.277064458
0.276983907
0.278798812
0.282114621
0.285411452
0.287100029
0.285591072
0.279336401
0.270769022
0.265076676
0.262177383
0.261598599
0.262867779
0.265512376
0.269059845
0.273037642
0.27697322
0.280394035
0.282917292
0.284553027
0.285418724
0.285631869
0.285309946
0.284570443
0.283530844
0.282308636
0.281021304
0.279786335
0.278715124
0.277849141
0.277185136
0.276719133
0.276447156
0.27636523
0.276469377
0.276755623
0.277219992
0.277858506
0.278666316
0.27959766
0.280549253
0.281413493
0.282082778
0.282449504
0.282406069
0.28184487
0.280658304
0.278738769
0.275978712
0.27244838
0.268795106
0.265783092
0.264176544
0.264739666
0.267850214
0.271919107
0.274741046
0.274564506
0.270329308
0.26191204
0.254909205
0.250859444
0.249168016
0.249949677
0.253418494
0.259518538
0.265920689
0.269157144
0.265751599
0.25300507
0.246720637
0.253822559
0.260924631
0.264863992
0.266109374
0.265132245
0.262404073
0.258396326
0.253580471
0.248428021
0.24342471
0.239090813
0.235951743
0.234532915
0.235359739
0.238500582
0.242302051
0.244720421
0.244154841
0.239509085
0.230926816
0.223954541
0.219840859
0.218155084
0.218466531
0.220344512
0.223358342
0.227077334
0.231070802
0.23490806
0.238172676
0.240689041
0.24248213
0.243583034
0.244022847
0.24383266
0.243043566
0.241686656
0.239793024
0.237393761
0.234521004
0.231311345
0.228093443
0.225216588
0.223030069
0.221883178
0.222125203
0.224105435
0.22810734
0.233204403
0.237408193
0.239119588
0.238601244
0.236625045
0.233962891
0.23138668
0.229668308
0.229579674
0.231886346
0.236587893
0.2421962
0.247130769
0.250713182
0.252841849
0.253424561
0.252369113
0.249583296
0.245196119
0.241877334
0.243107808
0.248613218
0.256802913
0.25695925
0.246757794
0.242299954
0.245089605
0.249718331
0.25286324
0.255670794
0.259720662
0.264940867
0.270145511
0.274322808
0.277093789
0.278207654
0.277413597
0.274460817
0.269612174
0.26574482
0.266512181
0.272719852
0.280950573
0.287732126
0.291928475
0.293541929
0.29258244
0.289059961
0.283189558
0.27802488
0.278692205
0.287580502
0.297488252
0.299488567
0.293206305
0.28727615
0.289083137
0.296929981
0.305993853
0.307704333
0.299933322
0.293188909
0.290685952
0.291521293
0.294757739
0.299458098
0.304685178
0.309501785
0.312970736
0.314415449
0.314112138
0.312554703
0.310237044
0.307653061
0.305296654
0.303661722
0.303242587
0.304566207
0.308214858
0.314274627
0.319028813
0.321359954
0.322012286
0.321732936
0.321239875
0.320778249
0.320209592
0.319384365
0.318153029
0.316371635
0.314079426
0.311535593
0.30901235
0.306781906
0.305116472
0.304288259
0.304569479
0.306232342
0.309549059
0.314789736
0.320869265
0.324879487
0.326810652
0.327032126
0.325913277
0.323823471
0.321132075
0.318200691
0.315088983
0.311464391
0.307056602
0.302189579
0.297432022
0.293353393
0.290523153
0.289510762
0.290885683
0.295216638
0.302093122
0.308194982
0.309819618
0.306383348
0.300186567
0.293638111
0.289146816
0.289121519
0.295689773
0.305078953
0.308967451
0.306581606
0.30062841
0.293605887
0.287549496
0.284344343
0.284719276
0.288622873
0.294978942
0.300737293
0.304818343
0.306472357
0.304949598
0.299500745
0.290844666
0.284408232
0.283526211
0.287000591
0.293066193
0.298890002
0.303495446
0.306728168
0.308434147
0.30847992
0.307005808
0.304346855
0.300842271
0.296831264
0.292652844
0.288641038
0.285124616
0.2824321
0.280892009
0.280825808
0.282121219
0.283987646
0.285575434
0.286034931
0.284518913
0.280855465
0.276466645
0.273004394
0.272120652
0.275467277
0.281343463
0.281102173
0.276327034
0.27054345
0.267276826
0.269266821
0.274734688
0.280289752
0.282539346
0.278090801
0.265212136
0.254983511
0.251187112
0.251921313
0.255275649
0.259381473
0.263048216
0.26563545
0.266354855
0.263782385
0.256521236
0.248719004
0.244834799
0.244061218
0.245417298
0.247922074
0.250594581
0.252453857
0.252758659
0.253157914
0.256667398
0.262691037
0.265095737
0.264270567
0.261486323
0.258013798
0.255123786
0.254087082
0.256135399
0.261067275
0.266867811
0.271603191
0.274666702
0.275998161
0.275539086
0.273230993
0.269160814
0.265026688
0.263528787
0.266338919
0.27211748
0.278878351
0.282945169
0.283790398
0.284088944
0.286569027
0.293591199
0.292891728
0.281870309
0.283073309
0.295869742
0.309037642
0.315545434
0.317051485
0.316280886
0.315958725
0.318809173
0.325313277
0.331187613
0.335580789
0.338234391
0.338890009
0.337443269
0.334550386
0.331101914
0.327988473
0.326100682
0.32619093
0.327921745
0.330439127
0.332885975
0.334405188
0.33421017
0.332453421
0.329955337
0.327550599
0.326073886
0.326330135
0.328371376
0.331456403
0.334806193
0.337641723
0.339189842
0.33903822
0.337338805
0.334292677
0.330100914
0.324965111
0.319229997
0.313578154
0.30874089
0.305449511
0.304435311
0.306165849
0.310172844
0.315604023
0.316669392
0.302097893
0.269075337
0.250786026
0.250668511
0.261521792
0.27614487
0.285391956
0.270834293
0.252018988
0.252517625
0.264055114
0.273968858
0.277497874
0.276125893
0.271506927
0.265294989
0.259144092
0.254708247
0.253641467
0.256993416
0.262117069
0.264992414
0.263636101
0.259616175
0.254856868
0.251282414
0.250814578
0.254052335
0.258095
0.259611852
0.257775638
0.253899509
0.249292644
0.244963746
0.241844113
0.240865043
0.242957832
0.248358039
0.253666416
0.257470792
0.259362928
0.258934592
0.255777554
0.249850984
0.243582364
0.240458094
0.244090172
0.257126327
0.265478271
0.262311948
0.255316261
0.25240874
0.261104533
0.273209316
0.276397771
0.273467062
0.267840857
0.262942822
0.262135892
0.266117219
0.271933541
0.276367818
0.27620395
0.269894598
0.260998465
0.254047487
0.253573601
0.264108743
0.281541601
0.278784229
0.274218307
0.281417604
0.290509815
0.291397765
0.286219985
0.28273744
0.285516073
0.292124623
0.299078322
0.301828516
0.300053751
0.295987463
0.291878575
0.28991438
0.290795761
0.293697912
0.297726533
0.301987324
0.305592754
0.308042536
0.309426032
0.309882108
0.30954963
0.308568126
0.307237156
0.306223509
0.306245276
0.308020546
0.312267344
0.318510753
0.323610462
0.327231329
0.329578775
0.330858217
0.331275075
0.331034769
0.330342718
0.329404341
0.328425058
0.327587213
0.326865485
0.326124651
0.325228489
0.324040776
0.322425289
0.320245807
0.317366107
0.313832928
0.310382245
0.307895362
0.306727405
0.306618069
0.307272114
0.308394304
0.309689398
0.310862161
0.311617352
0.311659734
0.310694069
0.308425699
0.304870737
0.300867502
0.297388728
0.295407148
0.295895497
0.299203822
0.303115565
0.30481041
0.303457829
0.3006798
0.298082405
0.296183614
0.295065855
0.2948104
0.295498525
0.297165259
0.299351147
0.301297049
0.302239631
0.301415559
0.298166361
0.293846298
0.291622838
0.293897552
0.299436036
0.306011377
0.311536998
0.315199266
0.317267698
0.318052247
0.31786287
0.317009519
0.315802152
0.314550721
0.313565183
0.313155419
0.313502389
0.314392575
0.315537274
0.316647779
0.317435386
0.317660461
0.317318458
0.316475146
0.315196307
0.313547724
0.311650204
0.310044547
0.309465134
0.310647379
0.314326696
0.320646655
0.323443258
0.321092516
0.316381096
0.312119777
0.311030186
0.313683875
0.318445485
0.323579142
0.327348968
0.328041577
0.325230363
0.320448058
0.315391897
0.311759116
0.311243471
0.314698349
0.32104874
0.328600144
0.330813334
0.317612115
0.296041136
0.302190855
0.312024545
0.310811297
0.305140411
0.301561107
0.300471284
0.300142765
0.299208422
0.296884412
0.29258754
0.287066667
0.281775581
0.278174489
0.277723598
0.281659649
0.287875639
0.291690564
0.289926087
0.285314119
0.281875677
0.28061599
0.279104002
0.275376065
0.271349048
0.270336459
0.273456168
0.278100586
0.281301255
0.280089717
0.271513271
0.259537559
0.256263084
0.259320146
0.264600208
0.267994736
0.266640787
0.262657783
0.259384944
0.259267741
0.263650064
0.272232831
0.277318834
0.277815833
0.275320371
0.271428996
0.267738254
0.265844692
0.267343606
0.272818028
0.280013512
0.286260033
0.290318729
0.292206768
0.291983962
0.289710124
0.285479503
0.280725184
0.278619444
0.281852814
0.288969557
0.296753664
0.301616738
0.30221328
0.301233427
0.301654686
0.306448619
0.31081683
0.302063999
0.29368817
0.292639259
0.296155657
0.301092584
0.305160689
0.308688065
0.3125017
0.317428583
0.323661121
0.327721566
0.32891561
0.3280003
0.32573295
0.322870872
0.320171381
0.318391788
0.318289409
0.320621555
0.325999067
0.331949676
0.33629744
0.339258516
0.341099922
0.342088673
0.342491785
0.342576275
0.342609159
0.342857453
0.343587224
0.344862999
0.346299656
0.347451227
0.347871747
0.347115252
0.344735774
0.340287348
0.333366092
0.324687351
0.316176834
0.309547838
0.30503837
0.302389939
0.301343677
0.301640717
0.303022192
0.305229234
0.308002978
0.311084555
0.314215098
0.317141676
0.319700151
0.321794743
0.32333143
0.324216189
0.324354998
0.323653834
0.322018676
0.3193555
0.315570284
0.310573959
0.304660544
0.298773432
0.293918914
0.291103281
0.291332828
0.295584775
0.302393961
0.30628139
0.305226343
0.300360023
0.293217611
0.28658632
0.2835055
0.285019062
0.289775093
0.296007113
0.300936253
0.304035606
0.305529375
0.305641764
0.304596979
0.302619224
0.299932703
0.296761621
0.293330182
0.289861428
0.286557033
0.283599915
0.281172357
0.279456641
0.278630654
0.278701385
0.279453827
0.280658133
0.282084458
0.283502518
0.284628838
0.285076646
0.284447303
0.282342168
0.27836288
0.272482681
0.265778975
0.259649851
0.257830863
0.266219038
0.284596228
0.293066037
0.291356098
0.284528877
0.277646843
0.275153005
0.276912205
0.280737333
0.284431602
0.285798224
0.282908262
0.277142716
0.272114617
0.270509208
0.27195632
0.275485449
0.280114481
0.284712428
0.288045187
0.288876589
0.286018289
0.280835061
0.278477084
0.283371544
0.291830062
0.296337013
0.293385843
0.288466295
0.287883088
0.292582667
0.299700501
0.305465178
0.305954468
0.302730394
0.298181081
0.294694653
0.294223553
0.296363713
0.299917989
0.303688643
0.306477934
0.30721633
0.305950157
0.303300293
0.299892366
0.296352
0.293302591
0.291334137
0.291010927
0.292896591
0.297554756
0.305114948
0.30451889
0.29406267
0.287593322
0.287510134
0.291959431
0.299082279
0.307019748
0.313912904
0.317902817
0.317133823
0.310983528
0.30191063
0.292847089
0.286724868
0.286475926
0.293005629
0.301162951
0.30857946
0.313630787
0.314692565
0.310600114
0.303000605
0.294604016
0.288122312
0.286267455
0.290882301
0.296374504
0.299939018
0.30173135
0.301913767
0.30066268
0.298403652
0.295775265
0.29342296
0.291992179
0.292111527
0.293792211
0.296264226
0.298707398
0.300301552
0.300232067
0.298294001
0.295434481
0.29272864
0.291251609
0.292077381
0.295112862
0.296896951
0.293632484
0.286895356
0.283229952
0.287023528
0.29209101
0.289460271
0.278603725
0.270557625
0.27427592
0.280683811
0.284885842
0.285804986
0.282364633
0.273843411
0.263751171
0.258375578
0.261597074
0.269557443
0.277007847
0.281551156
0.283568517
0.283556275
0.282010778
0.27942837
0.276305398
0.273138209
0.270390943
0.268273816
0.266876259
0.266203625
0.266080423
0.266307473
0.266685592
0.267015597
0.267098307
0.266734538
0.26572511
0.263870838
0.260972542
0.256949657
0.252343949
0.247900573
0.244364799
0.242481897
0.242860498
0.244958822
0.247658832
0.249838186
0.250374541
0.248250956
0.243966759
0.239158171
0.235488958
0.234622885
0.238059113
0.243002671
0.24619131
0.247671371
0.247581156
0.246063209
0.243563384
0.241028
0.23945018
0.239823045
0.243136938
0.249334382
0.255740097
0.259276706
0.256866831
0.245433101
0.228129455
0.222504012
0.226593929
0.234410961
0.239966866
0.23847239
0.23247226
0.227256935
0.225908515
0.22765424
0.231334725
0.235801537
0.239975381
0.24280385
0.243234599
0.240363515
0.235898038
0.233778417
0.23701096
0.244456087
0.253590303
0.251880392
0.241078115
0.243326669
0.255145281
0.262518088
0.258710047
0.250797329
0.246795139
0.248350995
0.253252639
0.258617155
0.261617175
0.262749338
0.26292978
0.263074634
0.264099705
0.26648145
0.269390874
0.271757627
0.272511355
0.270581705
0.266016618
0.264039874
0.268388672
0.276819676
0.285160403
0.279358155
0.270088959
0.275304091
0.288803959
0.299674703
0.296557132
0.286879416
0.287869149
0.296954502
0.305562698
0.305547551
0.298599633
0.295019456
0.296171452
0.299104124
0.300879412
0.300506696
0.299882748
0.301138001
0.306401657
0.311098389
0.302435552
0.294619573
0.295125224
0.30004772
0.305507697
0.310478495
0.314865771
0.318575709
0.321514493
0.32360857
0.324954999
0.325736298
0.326135625
0.326336137
0.326525686
0.326959689
0.327944218
0.329786572
0.332794052
0.337230728
0.342151408
0.345268572
0.344224764
0.336662531
0.320313381
0.299266438
0.288101017
0.29973146
0.32325742
0.335206391
0.323550086
0.305138279
0.300125512
0.311054778
0.326550506
0.337139598
0.342207239
0.343287729
0.341915369
0.33962446
0.33773619
0.336307906
0.334932835
0.33320349
0.330712384
0.327052033
0.322342447
0.319927003
0.322641731
0.328756063
0.3356587
0.338997882
0.337725496
0.333714161
0.328871944
0.325081998
0.323364324
0.323675045
0.325904678
0.329943739
0.335668167
0.34155174
0.345459041
0.347589496
0.34831097
0.347991328
0.346998437
0.345700161
0.344464366
0.343658917
0.343651679
0.344697682
0.346558078
0.348858938
0.351226328
0.353286314
0.354664964
0.354988343
0.353882518
0.350973556
0.345887523
0.338331374
0.328941116
0.318946828
0.309588254
0.302105139
0.297737226
0.29772426
0.303305985
0.314856887
0.328606294
0.339476995
0.339749448
0.327792271
0.311848966
0.300586147
0.302629026
0.319708747
0.339010066
0.346800022
0.341238961
0.32872446
0.314857379
0.302117064
0.292350679
0.287405384
0.289128341
0.29936613
0.31676829
0.329422882
0.330467432
0.324125432
0.31526507
0.306424229
0.299005307
0.294403081
0.294012328
0.298916198
0.305756092
0.306936628
0.297691036
0.285473446
0.280124532
0.282873383
0.285636289
0.28156797
0.273318821
0.266787715
0.265099401
0.266917376
0.270502497
0.274115621
0.276019765
0.275173085
0.272221689
0.268062936
0.263594186
0.259712799
0.257316136
0.257301555
0.260500512
0.265697886
0.269284824
0.268192877
0.263364172
0.257213645
0.25215849
0.250615897
0.254545308
0.261510094
0.266695272
0.267018379
0.263840429
0.259192182
0.254522491
0.250795551
0.248960772
0.249967562
0.254681988
0.261227313
0.2667186
0.270232371
0.270915377
0.267914371
0.260482111
0.251758908
0.249081913
0.252648612
0.258259377
0.26268211
0.265556155
0.267020193
0.267212906
0.266272975
0.264399422
0.262055373
0.25977619
0.258097238
0.25755388
0.258561832
0.260707178
0.263224522
0.2653472
0.266308548
0.265431329
0.2630654
0.26021738
0.257904578
0.257144298
0.258892513
0.26281864
0.267370955
0.270949494
0.271954289
0.268843495
0.262793189
0.258800969
0.261262304
0.268002099
0.273900318
0.27394669
0.269303231
0.269371353
0.275941117
0.285199384
0.289622813
0.280645107
0.270471103
0.26626304
0.267057429
0.271537488
0.278386436
0.286286737
0.293880469
0.299749838
0.302694715
0.303327617
0.303144302
0.303646463
0.30633579
0.312233443
0.3167112
0.318436474
0.319938238
0.323772132
0.331712937
0.327678476
0.313405741
0.313707915
0.325847598
0.337589843
0.337207874
0.326680361
0.3212655
0.323540145
0.329173819
0.334652155
0.338943445
0.341933672
0.343563341
0.343772958
0.342622811
0.34062443
0.338395579
0.336554025
0.335717535
0.336355065
0.338053074
0.340076837
0.341915371
0.34343779
0.344559701
0.345289893
0.345689232
0.345819151
0.345741085
0.345516468
0.345206734
0.344873318
0.344577652
0.344381172
0.344343761
0.344474478
0.344721361
0.345028834
0.345341322
0.345603251
0.345759047
0.345753133
0.345529936
0.345033881
0.344209503
0.343073791
0.341841018
0.340758729
0.340074466
0.340035771
0.340781577
0.341989503
0.343214711
0.344012362
0.343937617
0.342666556
0.340687598
0.338823709
0.337898889
0.338737141
0.341988389
0.346373765
0.349413638
0.348610234
0.341465783
0.325892507
0.30802607
0.301606387
0.315018817
0.330429846
0.323337675
0.308542711
0.312681684
0.323859981
0.328498793
0.313244871
0.297100289
0.30999002
0.311922968
0.296402811
0.283652481
0.287133728
0.2974252
0.301075077
0.295341936
0.288194754
0.286096817
0.28577756
0.281076194
0.271639875
0.26572821
0.270064875
0.27621568
0.279857028
0.280567445
0.277927068
0.271693902
0.263995114
0.258642736
0.258392894
0.26224087
0.268323033
0.273711108
0.276872449
0.278200834
0.278135372
0.277115171
0.27557934
0.273966989
0.272717226
0.27226916
0.273060608
0.275170563
0.277831058
0.280151978
0.281243209
0.280214636
0.276180448
0.269640673
0.264427864
0.26391561
0.270383807
0.283848171
0.29476258
0.300797485
0.302381657
0.29994387
0.294162113
0.288034532
0.28581696
0.289928256
0.29803241
0.30641391
0.303861876
0.296504814
0.299812179
0.310553928
0.320696864
0.320144067
0.309843561
0.30121404
0.297200164
0.297403796
0.301420565
0.308846097
0.319108654
0.329967749
0.338226293
0.341731363
0.341204447
0.337851719
0.332879356
0.327493535
0.322900431
0.32030622
0.320889031
0.324798446
0.330882591
0.337281071
0.339382047
0.33717823
0.332389313
0.326735031
0.32193512
0.319709315
0.32177581
0.328272791
0.334778813
0.336260492
0.331809884
0.32433386
0.316882728
0.312506797
0.314246639
0.324448875
0.33928511
0.349579177
0.345945313
0.319243765
0.295589467
0.311429809
0.324274653
0.320948848
0.312025484
0.305900206
0.302799168
0.301343357
0.300153763
0.297851374
0.293442477
0.287835819
0.282526302
0.279008992
0.278778954
0.282645909
0.286016059
0.281765631
0.268552368
0.257610869
0.260174766
0.267253862
0.268389664
0.261739201
0.252374898
0.24680303
0.250660322
0.257549799
0.255188781
0.246320334
0.2386069
0.236224071
0.237890077
0.241847995
0.2463409
0.24961415
0.250546294
0.249510451
0.247095286
0.243889464
0.240481651
0.237476954
0.235540596
0.235351533
0.237588719
0.242931112
0.249262762
0.245083013
0.237540049
0.23437078
0.235076972
0.238390253
0.243042249
0.247766294
0.251938641
0.256541764
0.26259456
0.268053946
0.271350979
0.272599408
0.271930597
0.269511532
0.266676778
0.266162768
0.270182858
0.277243364
0.284465584
0.290418372
0.29537907
0.298773986
0.299962804
0.298307091
0.294177487
0.290614308
0.290924812
0.295429996
0.30189768
0.30806739
0.312336191
0.314395396
0.315784089
0.320124891
0.326743587
0.317281109
0.309101159
0.317577598
0.330605599
0.334276785
0.328044344
0.319458247
0.315113951
0.318525346
0.332055133
0.347641376
0.358673644
0.365518985
0.368655457
0.368561116
0.365714021
0.360592228
0.353673794
0.345436777
0.336360754
0.327129001
0.318831439
0.312606289
0.309591772
0.310926516
0.318435751
0.330892342
0.337116542
0.333909867
0.327140882
0.322066843
0.31921533
0.317696981
0.316508724
0.314483689
0.310662012
0.305761325
0.301272449
0.298690333
0.299509925
0.304824067
0.310568
0.309105495
0.29693522
0.284619376
0.284894366
0.2928835
0.294850007
0.285704717
0.273114049
0.268706772
0.27514297
0.281422852
0.277107855
0.266140267
0.259641972
0.262982857
0.268210266
0.266202621
0.257798167
0.251302803
0.252511878
0.257670202
0.261023888
0.260139764
0.256270782
0.250862324
0.245361929
0.241217886
0.239878483
0.242792007
0.250475817
0.256573354
0.258946838
0.258504962
0.256160239
0.252825178
0.24941229
0.246834087
0.246003079
0.247831776
0.253092169
0.258511258
0.260879891
0.260891924
0.259362227
0.25710567
0.254937123
0.253671455
0.254098339
0.256756208
0.262034174
0.267661545
0.268824369
0.267809014
0.267760556
0.271824073
0.277268548
0.270309043
0.26657863
0.273875951
0.282844543
0.284718398
0.28146307
0.27931449
0.282005353
0.28864464
0.29634838
0.291124393
0.282138661
0.284757435
0.294211598
0.302223206
0.301571722
0.296752669
0.297341521
0.303334111
0.311844654
0.311676381
0.303666298
0.307232495
0.318842971
0.324935569
0.319645554
0.312547331
0.314018381
0.322598036
0.329257525
0.327834966
0.321317352
0.314435491
0.311920194
0.318502269
0.334501235
0.345240457
0.349094909
0.348245505
0.344873158
0.341016045
0.337622897
0.335140297
0.334012148
0.334682354
0.337497315
0.341552818
0.345078457
0.34628647
0.343389099
0.334774257
0.323066634
0.315239677
0.316766115
0.324472663
0.332487007
0.337492004
0.340020724
0.340885986
0.340898356
0.340866718
0.341193359
0.341347546
0.340668197
0.338494232
0.334164596
0.32750782
0.320089687
0.313861139
0.310773119
0.312776569
0.321023544
0.332210959
0.341491932
0.344018072
0.33494099
0.312208101
0.294304936
0.287241664
0.288212367
0.294402392
0.302997091
0.311181811
0.316141911
0.31605531
0.312839089
0.309247085
0.306679939
0.304955555
0.303801997
0.302947331
0.302119621
0.301046933
0.299457332
0.297092917
0.293830967
0.289624717
0.284647371
0.279651904
0.275486077
0.27299765
0.273034382
0.275677367
0.277847639
0.275767999
0.269674937
0.26475199
0.265350004
0.268412579
0.267955838
0.261732008
0.254377436
0.25126792
0.256213315
0.262832482
0.263754062
0.260258702
0.255084227
0.250062589
0.24623072
0.244556615
0.24582467
0.250688754
0.256862482
0.261495493
0.264612057
0.266348896
0.266842731
0.266230284
0.264648278
0.262233436
0.259122478
0.255452211
0.251468836
0.247743621
0.244907933
0.243593135
0.244430596
0.247659047
0.251692128
0.254422406
0.254155471
0.249777713
0.241281615
0.234811252
0.231882011
0.231588729
0.233025799
0.235287614
0.237468567
0.238663262
0.238721214
0.239942127
0.244877958
0.250872475
0.254829011
0.256988379
0.257663146
0.257165874
0.25580913
0.253905477
0.25176748
0.249707703
0.248038129
0.246947002
0.246346498
0.24611144
0.246116648
0.246236945
0.246347153
0.246322093
0.246036587
0.245365458
0.244183526
0.242403101
0.240139253
0.237575289
0.234894568
0.23228045
0.229941937
0.228311225
0.227935432
0.229362623
0.233140867
0.239381921
0.242616415
0.240875599
0.236573558
0.232165469
0.230050837
0.23098937
0.233872338
0.237489371
0.240630097
0.242092853
0.2413497
0.239014711
0.235812579
0.232467997
0.229705351
0.228112185
0.227924242
0.229321516
0.232483998
0.237591681
0.243734752
0.247379314
0.248523506
0.2479216
0.246327865
0.244496573
0.243181994
0.243136723
0.244945679
0.248885474
0.254903915
0.260359259
0.263823081
0.26505015
0.263798436
0.259936058
0.255355945
0.253728065
0.257676676
0.265128247
0.272749018
0.27689046
0.277040657
0.276069042
0.276967521
0.282633452
0.285076867
0.276903577
0.276948644
0.287933534
0.301228317
0.303935851
0.28999446
0.288430008
0.305099608
0.320174427
0.318282133
0.309255108
0.30994193
0.32394394
0.336721175
0.335028534
0.324879034
0.320862164
0.329405964
0.340105507
0.341570463
0.335767531
0.333670363
0.341820775
0.352263261
0.354617128
0.348237256
0.342214106
0.344136649
0.352090016
0.361149508
0.362588428
0.354685232
0.34798496
0.345498891
0.346369343
0.3497154
0.354656147
0.360310667
0.365798045
0.370237392
0.3729814
0.374187278
0.374185308
0.373305773
0.371878956
0.37023514
0.368704607
0.367607381
0.366632863
0.364484248
0.360000158
0.353945285
0.348076045
0.344157048
0.343952906
0.348878588
0.355291174
0.357084512
0.351173842
0.342880956
0.339274777
0.342363553
0.348389239
0.353280106
0.352964423
0.343500545
0.330602445
0.324995942
0.325331037
0.329510906
0.335438729
0.341017682
0.344150946
0.342845122
0.336783923
0.327011752
0.314827854
0.302393758
0.292086569
0.286283388
0.287361319
0.296303447
0.305296618
0.303208058
0.288234328
0.275279311
0.278288394
0.285829872
0.285369906
0.274768526
0.264582203
0.266437969
0.273612263
0.275402168
0.26995581
0.2623943
0.25952387
0.263051621
0.268232565
0.270391936
0.268110309
0.261335505
0.252841212
0.247018809
0.243801655
0.242784172
0.24356078
0.2457259
0.248873954
0.252599362
0.256496545
0.260159925
0.263241914
0.265656494
0.267391364
0.268434226
0.268772781
0.26839473
0.267287777
0.265439622
0.262837968
0.259470516
0.25536718
0.251060658
0.247413848
0.245295418
0.245574036
0.249042109
0.25481778
0.26038803
0.26317221
0.260589668
0.250238414
0.238173363
0.232722589
0.232615528
0.236120638
0.241506381
0.247041214
0.250993598
0.251786199
0.249895682
0.247259471
0.24541906
0.244487787
0.244280881
0.244613571
0.245301083
0.246158647
0.24700149
0.24764484
0.247903925
0.247593974
0.246562348
0.24492696
0.242941246
0.240859651
0.238936624
0.237426611
0.23658406
0.23666342
0.238011934
0.241316099
0.247170173
0.251820704
0.252239408
0.249739234
0.245751864
0.24170898
0.239042265
0.239183401
0.243301595
0.25012248
0.257044585
0.262150478
0.265264853
0.266479996
0.265888194
0.263581736
0.259655201
0.255227131
0.253973333
0.257524652
0.264555758
0.271111222
0.265548141
0.259769736
0.264014766
0.272446273
0.277558461
0.274125874
0.27130287
0.277892667
0.286513452
0.287640955
0.282124441
0.279682279
0.287128197
0.297725658
0.301361829
0.296015779
0.289905516
0.290673816
0.297681643
0.306827425
0.308750606
0.300749884
0.30004517
0.309149518
0.320742664
0.323987124
0.313376531
0.310564144
0.320746238
0.331187181
0.331468638
0.324515809
0.316983148
0.314239485
0.319938733
0.334982952
0.345499801
0.348322155
0.345741388
0.340049469
0.333538366
0.328500046
0.32722583
0.33085777
0.337021417
0.342739336
0.346511143
0.348275475
0.348030637
0.345774931
0.341521595
0.336029161
0.331132229
0.328625955
0.329364145
0.333753684
0.339820308
0.343573468
0.345189157
0.345236676
0.344285316
0.342853542
0.341289891
0.339907431
0.339019228
0.33893835
0.339890548
0.341643474
0.343815065
0.34602317
0.347885643
0.349020333
0.349045092
0.347577773
0.344236225
0.3386383
0.330492401
0.3208096
0.311577702
0.304808176
0.302512492
0.30670212
0.318859421
0.332549712
0.337295232
0.333901868
0.327120532
0.320325845
0.314615132
0.31087275
0.309983054
0.31282787
0.319334944
0.327048424
0.333146333
0.334806693
0.329207528
0.31557183
0.301060745
0.294541593
0.2980591
0.305678099
0.312147478
0.318281193
0.324068173
0.328664328
0.331225566
0.331021936
0.328461517
0.324605866
0.320524315
0.317286199
0.315919709
0.316728212
0.319395368
0.323584879
0.328960448
0.335167269
0.34120509
0.345802929
0.348137549
0.347401911
0.342803787
0.335177771
0.328432547
0.326471717
0.329492261
0.335443855
0.341350137
0.34386838
0.343481294
0.341149252
0.337832627
0.334491792
0.332087121
0.331569705
0.333507594
0.337957972
0.344199613
0.347702006
0.347804653
0.345544841
0.341959957
0.338087385
0.334964511
0.333628568
0.33484835
0.338571279
0.344468175
0.349965056
0.353352391
0.354963584
0.355169393
0.354340575
0.352847887
0.351062087
0.349353932
0.34809418
0.347652342
0.34819038
0.349432335
0.3510467
0.352701973
0.354066648
0.354809221
0.354598188
0.353102044
0.349989285
0.344928406
0.337828488
0.32982306
0.322434223
0.317184233
0.31559535
0.318882784
0.325760433
0.33372338
0.340258527
0.342852778
0.339230202
0.330397045
0.319756424
0.310766061
0.306883677
0.311566994
0.327160328
0.339990511
0.330282069
0.310912834
0.305750884
0.311468958
0.30647504
0.295049438
0.283033153
0.276267188
0.280451801
0.291229333
0.289047088
0.274612428
0.265870921
0.272660719
0.278455858
0.274397866
0.26255865
0.255097643
0.260572796
0.26652168
0.26592648
0.258825806
0.251448025
0.249971702
0.254115516
0.259987998
0.26365824
0.261195333
0.249494461
0.237946363
0.232984834
0.233024881
0.236381851
0.24137109
0.246307946
0.249507765
0.24958199
0.24706974
0.243278888
0.239235513
0.235443795
0.232351853
0.230407804
0.230059768
0.231749785
0.235252451
0.23908113
0.241609057
0.241209466
0.237036514
0.231662383
0.228539638
0.228870931
0.230858182
0.232494721
0.23234806
0.231575553
0.23206441
0.235701881
0.242741732
0.23892854
0.228443335
0.22412002
0.22572642
0.230604501
0.236183751
0.240936116
0.244018171
0.244598455
0.241879836
0.236670519
0.232035888
0.230776774
0.232486359
0.235323611
0.238017246
0.240512452
0.242908706
0.245305484
0.247802228
0.250375393
0.252602262
0.253979275
0.254002872
0.252169492
0.248377491
0.244570771
0.243313498
0.245628926
0.250255258
0.255745786
0.260770385
0.264610594
0.266747854
0.266663722
0.263839751
0.258438344
0.256353775
0.262875998
0.271345372
0.272861182
0.267412657
0.264602846
0.271914048
0.282765391
0.285975962
0.279155338
0.274039023
0.281704095
0.296400513
0.303738081
0.296990788
0.288216764
0.291307815
0.30575594
0.319968167
0.325598357
0.32625321
0.32526169
0.325428424
0.329558043
0.335919679
0.327282143
0.32058902
0.328891837
0.340476616
0.342713598
0.337259928
0.333748565
0.338097256
0.346448513
0.353682034
0.359209953
0.363526735
0.365602567
0.364389642
0.358934141
0.351538736
0.348519862
0.354836698
0.36532225
0.370924429
0.367972311
0.362705672
0.361881939
0.366612544
0.374671407
0.378528988
0.36953813
0.361627582
0.360987217
0.364584739
0.369076056
0.372160383
0.374461442
0.377111526
0.381242924
0.387420153
0.393043847
0.397229945
0.400013751
0.401430591
0.401515793
0.400304682
0.397832584
0.394134828
0.389246738
0.383234779
0.376789932
0.371180675
0.3676972
0.367629697
0.372197808
0.379524324
0.383491347
0.37895621
0.370248559
0.365906853
0.369023221
0.371471413
0.364754431
0.352811087
0.347964499
0.35490412
0.359816532
0.35728895
0.349109269
0.342616486
0.343346294
0.346738608
0.345235049
0.337268614
0.330156776
0.330868681
0.337958551
0.345992469
0.349512568
0.343060979
0.324134122
0.321592873
0.32723026
0.31360407
0.293927553
0.289419897
0.301402492
0.310233101
0.300013532
0.280501933
0.269882669
0.273542433
0.276843865
0.2658346
0.247698457
0.240451105
0.248189858
0.252549802
0.24841821
0.238511587
0.23034634
0.229332027
0.232724013
0.235994797
0.236977318
0.236194069
0.234313856
0.232005485
0.229930516
0.228189811
0.225933815
0.222354492
0.21788741
0.213644479
0.210744368
0.210305745
0.213274473
0.217794266
0.219735369
0.216271693
0.210054287
0.205039249
0.203077174
0.203490678
0.20545276
0.208136422
0.21071692
0.212576065
0.213465275
0.213174335
0.211493031
0.208211148
0.203146342
0.198905305
0.202711654
0.212940205
0.219716345
0.216152247
0.209235714
0.209417932
0.218600497
0.227578744
0.228062179
0.222888358
0.219451889
0.222044757
0.228905547
0.236509029
0.233212658
0.225792203
0.226789786
0.233784192
0.241580448
0.245401266
0.245266711
0.244264465
0.245532118
0.251858698
0.252146525
0.243993468
0.248372453
0.264101086
0.279810097
0.277710353
0.257635452
0.259370223
0.285196772
0.310541253
0.311740793
0.289531727
0.286758912
0.312433279
0.337274848
0.337390847
0.323328165
0.316001903
0.324213358
0.339269618
0.351950412
0.359631252
0.362813632
0.362017818
0.357764075
0.350753995
0.344104411
0.34264947
0.348845383
0.357075386
0.360287461
0.357755211
0.355416686
0.358422652
0.366126476
0.375992477
0.38583152
0.393998102
0.398894051
0.398921194
0.392492463
0.381104539
0.373532885
0.378721084
0.392929593
0.402909262
0.399906665
0.392447376
0.392655469
0.402884804
0.41464391
0.420191019
0.419344679
0.414620563
0.408537677
0.403615026
0.402103631
0.403759633
0.406982321
0.410157424
0.411670671
0.410025315
0.405630299
0.400440707
0.396456252
0.395676646
0.399940244
0.406112401
0.410049231
0.411679546
0.41106787
0.408284178
0.403897239
0.399368356
0.396251485
0.396100583
0.400461361
0.405594196
0.401973118
0.393472315
0.385613613
0.383918838
0.391076921