0.362632036
0.353672794
0.360301341
0.365863948
0.359053897
0.349619059
0.34546284
0.345504264
0.346859736
0.346618739
0.342110828
0.341073461
0.349050042
0.356242906
0.359447188
0.358738475
0.354207825
0.345946298
0.334148626
0.320290677
0.306712394
0.295769905
0.289819341
0.291094602
0.299018324
0.310201879
0.321134412
0.328305065
0.328250428
0.320039933
0.306498368
0.290754412
0.275936749
0.265166108
0.259877057
0.257742124
0.256054487
0.253901997
0.251683088
0.249746744
0.2481688
0.246962731
0.246046402
0.245234285
0.244335693
0.243159941
0.241519113
0.239408567
0.237118056
0.234963904
0.233262434
0.23232945
0.232313477
0.232956853
0.233941455
0.234949158
0.235661839
0.235819509
0.235381173
0.234357397
0.232758748
0.230595791
0.227930068
0.225125424
0.222656718
0.220998982
0.220627246
0.222016539
0.22529722
0.228493272
0.229690439
0.229180368
0.227604529
0.225604392
0.223821428
0.222775287
0.222498332
0.222901109
0.223894161
0.225388033
0.227293268
0.229520409
0.231980002
0.234582591
0.237238718
0.239858928
0.242353766
0.244633775
0.246609498
0.248191481
0.249290267
0.2498164
0.249680424
0.248895264
0.247921962
0.247344125
0.247745365
0.249709294
0.253819522
0.25931688
0.259614025
0.252449905
0.247087804
0.252923873
0.265672705
0.272304682
0.265398363
0.254619159
0.252746205
0.269914681
0.295920018
0.310708662
0.3061809
0.278946785
0.272722916
0.30349063
0.308030492
0.288437453
0.277624558
0.291598789
0.311372074
0.315476101
0.30487758
0.295674182
0.302599418
0.323834074
0.333126806
0.323632298
0.311010239
0.311895773
0.332129365
0.342941214
0.331189792
0.317425483
0.320152619
0.325356732
0.327195166
0.327970713
0.329989527
0.335356069
0.343488356
0.351893765
0.358038815
0.359390025
0.35357994
0.342443685
0.332244085
0.328368342
0.330325914
0.335648128
0.34186482
0.346505825
0.347439914
0.345485849
0.342978852
0.341581189
0.341337072
0.342057353
0.343552888
0.34563453
0.348113134
0.350799553
0.353504642
0.356039254
0.358214244
0.359864285
0.36096103
0.361524995
0.361576759
0.361136898
0.360225992
0.358864617
0.357073744
0.355050022
0.35344172
0.352927344
0.353515048
0.354669114
0.355838124
0.356470663
0.356015314
0.35392066
0.349635284
0.342771407
0.333973796
0.324288862
0.314763919
0.306446279
0.300383256
0.297622161
0.299206046
0.303436634
0.305124793
0.305315396
0.305860155
0.308610783
0.315414145
0.324194299
0.322222871
0.30821677
0.298244747
0.302445001
0.29495932
0.281191748
0.273994738
0.273749684
0.279405095
0.289077069
0.295112404
0.290731845
0.27901001
0.265106996
0.25821496
0.258334852
0.257965571
0.255502439
0.251310685
0.254166771
0.263830018
0.262898964
0.253512841
0.246899188
0.248503593
0.251817231
0.249525897
0.242201132
0.235593373
0.235512104
0.242526699
0.246524221
0.244205991
0.240278344
0.238855741
0.239491252
0.240332569
0.239526991
0.235221818
0.226742213
0.220841431
0.219214512
0.220581032
0.223659345
0.227167805
0.229824765
0.230348682
0.228022591
0.224017097
0.219867566
0.216369057
0.213536662
0.211348293
0.209781858
0.208815268
0.208426432
0.20859326
0.209293662
0.210505548
0.212206828
0.214375411
0.216989207
0.220026127
0.223464079
0.227280974
0.231454722
0.235963232
0.240784415
0.245896179
0.251276436
0.256475352
0.258583381
0.25388748
0.243961971
0.239107219
0.248668445
0.265501519
0.273517036
0.265032667
0.253593551
0.254956474
0.267868846
0.277277874
0.272720871
0.263099143
0.261675874
0.270923138
0.283871756
0.295921475
0.302568192
0.299479911
0.297257415
0.306250961
0.306771544
0.297781196
0.290186903
0.29107579
0.296745861
0.301847921
0.304064497
0.303670164
0.301281628
0.298614226
0.297674927
0.300470706
0.309008535
0.323784781
0.337184898
0.346069136
0.34958203
0.346868136
0.337409531
0.324428071
0.313472195
0.308486198
0.30868356
0.312437043
0.318271932
0.324854543
0.330856494
0.334949406
0.335828966
0.333247354
0.328403465
0.322747087
0.318775591
0.319428607
0.32552358
0.333518808
0.339553817
0.342344843
0.342300351
0.33985838
0.33545697
0.329534162
0.322527994
0.314876508
0.307017742
0.299389738
0.292430534
0.286578171
0.282270689
0.279895014
0.27944794
0.280746444
0.283606541
0.287844247
0.29301371
0.295843939
0.294945416
0.290876274
0.284206621
0.276009956
0.277519408
0.286047167
0.284490564
0.275182101
0.266937224
0.268099818
0.274984572
0.273166505
0.263898328
0.256564253
0.254784979
0.252945777
0.250321973
0.247789144
0.246984747
0.249559253
0.255650708
0.261827284
0.264142304
0.258649093
0.245201201
0.238918884
0.240597606
0.246089297
0.251245889
0.25239459
0.250140247
0.247348309
0.245721261
0.244004633
0.240866398
0.240097431
0.243215073
0.248105732
0.252618266
0.254648652
0.253555979
0.250410636
0.24646601
0.243500695
0.243491799
0.248335553
0.257264868
0.266314934
0.271331686
0.268184344
0.264936796
0.276616577
0.278481825
0.266502178
0.258492614
0.267362109
0.282898355
0.289250985
0.282241883
0.272462168
0.269903311
0.2744782
0.282077321
0.289869595
0.297459937
0.30472392
0.311537115
0.317775095
0.32331343
0.328027695
0.33179346
0.334486298
0.335981781
0.336213744
0.33537882
0.333747702
0.33160265
0.329457838
0.328041892
0.328091503
0.330338608
0.334878618
0.340536231
0.345749632
0.346151044
0.335535675
0.317808546
0.313949775
0.321665406
0.335071579
0.348284438
0.356441827
0.359576236
0.359184161
0.356762366
0.353807615
0.351665418
0.350526833
0.350050809
0.349893454
0.349710876
0.349159183
0.347953782
0.346277607
0.344535172
0.343132321
0.3424749
0.342930247
0.344352828
0.346232346
0.348050703
0.349293813
0.349677066
0.349265276
0.348152593
0.346433165
0.344201506
0.34164033
0.339134741
0.337098117
0.335943839
0.336085266
0.337626923
0.33957744
0.34068389
0.339198884
0.332840305
0.320266845
0.305532459
0.294521453
0.29052449
0.292663115
0.299616662
0.309471016
0.319998008
0.328966609
0.334145789
0.333304519
0.325110169
0.316593961
0.31548388
0.315042352
0.305622238
0.292450411
0.285117799
0.282864284
0.284600833
0.289238412
0.295687987
0.302860525
0.30973649
0.315965841
0.321572684
0.326585211
0.331031618
0.334940096
0.33833884
0.341256043
0.343719899
0.345758601
0.347400343
0.348673318
0.349605721
0.350225744
0.350561581
0.350641426
0.350493472
0.350145913
0.349626943
0.348964754
0.34818754
0.347323496
0.346400814
0.345447688
0.344492312
0.34356288
0.342687584
0.341894618
0.341212176
0.340668452
0.340291639
0.34010993
0.340151519
0.340444601
0.341015377
0.341807904
0.342656682
0.343388591
0.343830513
0.343809332
0.343151929
0.341704322
0.339713938
0.337809199
0.336524578
0.335872361
0.335708644
0.335889495
0.336270981
0.336709169
0.337060129
0.337180227
0.336975998
0.336459818
0.335657488
0.334594811
0.333297587
0.331791619
0.330102707
0.328256653
0.32627926
0.324196328
0.322033658
0.319817054
0.317572316
0.315325245
0.313101643
0.310927313
0.308828055
0.30682967
0.304957961
0.30323873
0.301697776
0.300360903
0.299253912
0.298402604
0.29783278
0.297570243
0.297640794
0.298070235
0.298884367
0.300108991
0.301769909
0.303892923
0.306503834
0.309628445
0.313292555
0.317516538
0.320572244
0.316485748
0.300103418
0.285534043
0.281401702
0.285005669
0.293538172
0.304191437
0.314157693
0.320629167
0.321332782
0.317166416
0.310189032
0.302198854
0.294549113
0.288549936
0.285511449
0.28674378
0.293511066
0.303213565
0.306996592
0.303339808
0.29739359
0.293572096
0.292530593
0.293912523
0.294863226
0.289449016
0.27493509
0.265226881
0.262998423
0.265906264
0.271606949
0.277757023
0.282013028
0.28203321
0.276851674
0.269359204
0.263007534
0.259231382
0.257695278
0.258003653
0.259760939
0.262568994
0.265929593
0.269214507
0.271786817
0.273009604
0.272250529
0.269431498
0.26555084
0.261730559
0.259092659
0.258758696
0.261257879
0.265359328
0.269506752
0.272143859
0.271714356
0.267423827
0.262019308
0.259227959
0.260527098
0.264230497
0.268414423
0.271155144
0.27054099
0.266669618
0.263878327
0.266333918
0.270379592
0.273540176
0.276495236
0.279941775
0.284576795
0.290686832
0.293293595
0.286464951
0.27749112
0.277589714
0.288959669
0.300426578
0.301394757
0.29436402
0.288024781
0.287746949
0.291408789
0.29600591
0.300278962
0.304209694
0.307806394
0.311077349
0.314030846
0.316675175
0.319018623
0.321069477
0.322836026
0.324326556
0.325549357
0.326512716
0.327224921
0.327694259
0.327929018
0.327937487
0.327727953
0.327308703
0.326688026
0.32587421
0.324875542
0.32370031
0.322356802
0.320853306
0.31919811
0.317382623
0.315301201
0.312815216
0.309913149
0.306799008
0.303697675
0.300834036
0.298432973
0.296719372
0.295918115
0.296254088
0.297952174
0.301237256
0.305545612
0.30837362
0.309664201
0.309889541
0.309521829
0.309033251
0.308895995
0.309582249
0.3115642
0.315314035
0.321169954
0.328086907
0.334203805
0.337649009
0.336550881
0.329333884
0.319865491
0.31679013
0.323958169
0.324168815
0.29651499
0.287100999
0.319153957
0.32636322
0.308019587
0.29188677
0.29284544
0.300583101
0.302956761
0.299612954
0.297536084
0.30159402
0.31003617
0.319888287
0.328176125
0.331925439
0.32919839
0.322874723
0.317186696
0.314337263
0.313750321
0.314648953
0.316397343
0.319015545
0.322714043
0.327703342
0.333979884
0.338894887
0.338016655
0.329811334
0.321982033
0.323619161
0.333978262
0.342480012
0.340753307
0.333441812
0.329108537
0.331484101
0.337132663
0.342366825
0.346088275
0.348425767
0.349515421
0.349493356
0.348495694
0.346658555
0.34411806
0.341010329
0.337471483
0.333637642
0.329644927
0.325629458
0.321727357
0.318074742
0.314807736
0.312062457
0.309975028
0.308681569
0.308318199
0.30902104
0.310926212
0.314169835
0.318823249
0.324082297
0.328935542
0.332607683
0.334325514
0.333315825
0.329097448
0.325558989
0.327712911
0.327777105
0.313652988
0.292448615
0.283144263
0.283860932
0.291417625
0.302633341
0.314327083
0.323317851
0.326627276
0.324562732
0.320097418
0.315743934
0.311928267
0.30857017
0.305589392
0.302905686
0.300438803
0.298108495
0.295835078
0.293590714
0.291440334
0.289458496
0.28771976
0.286298686
0.285269834
0.284707763
0.284683119
0.285197611
0.286194004
0.287613167
0.289395969
0.291483277
0.29381596
0.296334886
0.298980924
0.301694942
0.304417808
0.307090391
0.309653559
0.31204818
0.314215122
0.316095254
0.317629445
0.318758562
0.319423474
0.319565049
0.319124156
0.318020086
0.316074808
0.313082865
0.308838797
0.303137146
0.295977418
0.288826244
0.283780345
0.281560195
0.280056419
0.277433739
0.27812341
0.283024299
0.289358135
0.294328899
0.295261183
0.292127515
0.287480182
0.283697181
0.281767777
0.282253359
0.285661686
0.291269716
0.297123614
0.301216031
0.301546837
0.297468151
0.291265912
0.285550468
0.2821334
0.282258192
0.287145635
0.295780951
0.302267951
0.302602704
0.295416272
0.282288371
0.275107957
0.275000098
0.279733372
0.287076356
0.294846715
0.301275384
0.304800314
0.303861003
0.296896947
0.283044454
0.270211949
0.262925023
0.260279537
0.261324972
0.265110812
0.270686537
0.27710163
0.283405572
0.288647845
0.291883489
0.292564713
0.290799066
0.286755383
0.280602499
0.272527005
0.26919913
0.277615609
0.280547072
0.273733785
0.265294331
0.263670704
0.270997853
0.273562628
0.266444852
0.258014288
0.255872161
0.258304474
0.260104785
0.258454103
0.254702618
0.250513916
0.2465071
0.242701517
0.239109371
0.235742869
0.232614218
0.229735623
0.227119291
0.224777428
0.22272224
0.220965934
0.219520716
0.218398791
0.217612367
0.21717365
0.217094845
0.21738816
0.218065799
0.219139971
0.22062288
0.222526733
0.224863737
0.227646097
0.23088602
0.234595712
0.238787379
0.243194819
0.246751711
0.249357999
0.251150436
0.252265778
0.252840777
0.253012189
0.252916765
0.252691261
0.25247243
0.25238884
0.252471544
0.252687555
0.253002768
0.253383077
0.253794375
0.254202557
0.254573516
0.254586972
0.252551679
0.246485404
0.240025824
0.238286079
0.240125354
0.24411578
0.248829485
0.252838599
0.254715251
0.253276175
0.250475511
0.250440149
0.255861321
0.264484859
0.273024296
0.278193164
0.276704994
0.270736097
0.27803735
0.282212387
0.273363278
0.265397687
0.271862607
0.287085032
0.29605694
0.291024619
0.281025121
0.276806907
0.280339423
0.287181123
0.293621375
0.299061392
0.303592303
0.307305237
0.310291324
0.312641692
0.314447469
0.315799786
0.31678977
0.317508552
0.318047258
0.318497019
0.318948964
0.319494221
0.320223919
0.321229187
0.322601154
0.324430949
0.326809064
0.329585663
0.332010496
0.333241089
0.332434968
0.329027492
0.32410169
0.319345669
0.31644846
0.317099096
0.321887818
0.322819707
0.318214363
0.310949325
0.303910756
0.299984821
0.301718487
0.308276754
0.316882632
0.324736024
0.329083418
0.328785577
0.324692921
0.31777857
0.309015648
0.299468443
0.298761331
0.312638486
0.3237502
0.326329584
0.322646743
0.315084249
0.306024675
0.297776741
0.291231648
0.286003595
0.281708193
0.278167041
0.275258074
0.272859231
0.270848452
0.269103676
0.26750284
0.265923884
0.264244748
0.262343368
0.260129032
0.257871048
0.256068941
0.255225984
0.255845444
0.258340673
0.261238844
0.261276851
0.256345889
0.250205822
0.248282712
0.25183389
0.256254808
0.25712919
0.254836824
0.251962072
0.250099933
0.248732959
0.247133802
0.245319433
0.2438223
0.24300772
0.242665027
0.242466905
0.242086037
0.241195108
0.23946685
0.23684191
0.234156648
0.232434398
0.232698494
0.235677242
0.239695552
0.241913016
0.240878759
0.238348513
0.236390323
0.235194685
0.233581048
0.230969789
0.228958603
0.2295439
0.232868682
0.237071628
0.240455216
0.242748398
0.244160197
0.244899997
0.245177182
0.245201138
0.245181248
0.245326898
0.245847473
0.246952355
0.248850932
0.251752586
0.255866699
0.260844309
0.265179418
0.26925665
0.273827447
0.279643249
0.286745852
0.290968571
0.286683485
0.274778897
0.267192574
0.275117019
0.292255551
0.302553486
0.296971964
0.284782738
0.277757404
0.280875081
0.293457583
0.311758886
0.320451977
0.302452604
0.277704809
0.272458822
0.279803643
0.291663883
0.299964152
0.297068078
0.29143928
0.307923165
0.331482294
0.322824651
0.279134585
0.25993071
0.263747843
0.280331809
0.299428432
0.312676149
0.319997173
0.323579484
0.325611117
0.328280109
0.333097006
0.337626019
0.340829664
0.342618219
0.342902018
0.341591395
0.338596683
0.333828601
0.327709969
0.322185235
0.319397752
0.319761906
0.322051021
0.324973592
0.327238116
0.327553085
0.324626996
0.317168342
0.304316856
0.288399374
0.273163852
0.261141017
0.252279034
0.246198517
0.242520078
0.24086433
0.240851886
0.242103358
0.244239359
0.246880502
0.249647399
0.252160664
0.254040908
0.254906665
0.254265473
0.251460299
0.246011006
0.238987002
0.232212742
0.227517748
0.226731544
0.231030484
0.233823369
0.23227691
0.228455014
0.224455473
0.222319536
0.222657072
0.224569904
0.227087959
0.229241165
0.230067778
0.229118038
0.226742856
0.223362856
0.219398659
0.215271167
0.211478245
0.208699428
0.20764045
0.209007048
0.213504919
0.220329868
0.225282655
0.228116945
0.229363364
0.229552538
0.229215092
0.22888165
0.229065707
0.228955216
0.225491247
0.216982218
0.213752626
0.217903972
0.225651162
0.233199959
0.236931826
0.236077252
0.232178229
0.227086326
0.223624557
0.224757679
0.230243795
0.237685686
0.245970094
0.254030121
0.260794601
0.264802074
0.263892688
0.256400083
0.246500963
0.241819392
0.250088059
0.268526684
0.2753363
0.266814275
0.257044238
0.257352248
0.264787115
0.27269371
0.277759322
0.281013196
0.283774761
0.287363443
0.293091649
0.301422349
0.311168775
0.320954619
0.329025324
0.331006022
0.324565902
0.316745378
0.316341276
0.330789024
0.347000452
0.344626809
0.331551944
0.323920123
0.336677408
0.359617695
0.363198735
0.350468119
0.339447784
0.340004542
0.345123291
0.34641098
0.344055112
0.34403045
0.352374269
0.367480132
0.372320201
0.36407534
0.356180694
0.361213057
0.378911995
0.390269978
0.38564329
0.374259178
0.366872001
0.371823272
0.385169093
0.397961183
0.398778958
0.380403973
0.384875938
0.406247441
0.407691402
0.395220925
0.383805873
0.380227802
0.382641357
0.388789903
0.396416806
0.403280284
0.408051414
0.410828876
0.411835639
0.411294677
0.40942952
0.406618485
0.403605248
0.401186179
0.400157646
0.401315996
0.404558923
0.4064986
0.403160996
0.395172249
0.388264859
0.38843733
0.396913507
0.397145411
0.383721216
0.376591486
0.391704531
0.396126244
0.386663064
0.378209499
0.374784744
0.37834411
0.38455035
0.383960892
0.371744723
0.361543974
0.370506513
0.385667902
0.387446146
0.380468274
0.37016922
0.361983919
0.361144771
0.365866928
0.366539676
0.361226734
0.352713279
0.349159944
0.357680651
0.359567185
0.350920598
0.343199568
0.344987167
0.35055203
0.350563384
0.343039003
0.33529502
0.334102134
0.33855521
0.344588008
0.348124472
0.345088546
0.332751275
0.321225163
0.315461798
0.314429964
0.317076395
0.322347825
0.329162578
0.336112644
0.341581345
0.343948609
0.341642715
0.335214365
0.328120615
0.323645943
0.322336278
0.323544132
0.326617075
0.33090268
0.335748517
0.34050216
0.344511253
0.347306706
0.348996926
0.349803785
0.349949158
0.349654919
0.349122211
0.348449828
0.347705024
0.346955047
0.346267144
0.345708562
0.345334806
0.345143395
0.345113981
0.345226213
0.34545974
0.345794211
0.346209274
0.346684578
0.347199771
0.347734707
0.34827444
0.348809506
0.349330697
0.349828809
0.350294638
0.350718977
0.351092622
0.351406367
0.351651007
0.351817375
0.351906616
0.351944219
0.351959187
0.351980521
0.35203722
0.352158287
0.352372722
0.352709526
0.353197701
0.353866248
0.354727391
0.355699799
0.356669724
0.357523383
0.358146996
0.358430616
0.358298826
0.357694477
0.356560589
0.354840178
0.352491164
0.349703455
0.346850309
0.344309984
0.342460735
0.341680821
0.342316292
0.344190986
0.346705048
0.349246399
0.351204489
0.35209769
0.351668885
0.349683474
0.345906857
0.340109301
0.334622708
0.334428532
0.338030508
0.343142804
0.347479589
0.349269177
0.34885909
0.347142787
0.345013727
0.343365369
0.342949277
0.343593228
0.34475524
0.345892346
0.346461584
0.345980874
0.344619189
0.342940077
0.341512607
0.340905845
0.341646721
0.343453303
0.345314985
0.346375996
0.346596428
0.346166298
0.345275635
0.344114471
0.342872833
0.341740753
0.340907578
0.340471427
0.34034829
0.340432527
0.340618495
0.340800553
0.34087306
0.340730375
0.340266857
0.339376863
0.337954754
0.335937637
0.33346742
0.330747269
0.32798036
0.325369868
0.32311897
0.321430842
0.320506446
0.320132079
0.319194388
0.316558014
0.312317157
0.307417701
0.303182317
0.30213636
0.307056234
0.320020779
0.33381748
0.336935469
0.3298408
0.316954166
0.30236412
0.289650068
0.281989108
0.27953106
0.280909329
0.284745995
0.289663141
0.294336559
0.298214742
0.301325546
0.303710865
0.305412595
0.306472628
0.306932858
0.306835181
0.30622149
0.305133678
0.303613641
0.301703272
0.299444465
0.296879114
0.294049114
0.290996358
0.287762741
0.284390156
0.280936966
0.27771798
0.275250677
0.274058065
0.27466315
0.277544669
0.281806654
0.284945242
0.28488328
0.282615408
0.280250837
0.278767031
0.2771675
0.274425693
0.27113255
0.26878204
0.268385048
0.269648244
0.272065087
0.275129029
0.278333528
0.28117226
0.283283155
0.284696955
0.285510641
0.285821191
0.285725586
0.285320806
0.284703831
0.28397164
0.283221213
0.282539993
0.281913438
0.281265203
0.280518072
0.279594835
0.278418278
0.276911189
0.274996356
0.272790549
0.271259599
0.271581579
0.274109647
0.278096762
0.282719406
0.287154061
0.29057721
0.292165336
0.29109492
0.286892401
0.283103638
0.285843007
0.298318572
0.314717768
0.327722407
0.334497852
0.336465061
0.335213111
0.33233108
0.329394371
0.327338969
0.326201809
0.325946006
0.32648647
0.327715887
0.329526823
0.331811846
0.334463523
0.337363648
0.340311777
0.34306956
0.345398447
0.347059886
0.347815327
0.347426219
0.345654011
0.342260152
0.337046713
0.332011785
0.329597711
0.329367209
0.330738305
0.333129021
0.335957383
0.338641414
0.340599139
0.341248583
0.34000779
0.336657207
0.332263243
0.328177409
0.325751218
0.326336182
0.330697327
0.336329031
0.339621942
0.338925763
0.335738813
0.331767925
0.328038986
0.325217527
0.323965795
0.324946039
0.328658254
0.333174635
0.334698462
0.330832855
0.324635457
0.320338519
0.318946234
0.317784641
0.314542455
0.310245829
0.307124291
0.30568904
0.3035354
0.298342724
0.291320602
0.285648734
0.283285285
0.282992719
0.283075247
0.282651482
0.281518332
0.279493631
0.276518586
0.27286082
0.268841316
0.264781058
0.261001031
0.257822219
0.255565605
0.254552174
0.255102911
0.257437821
0.260734472
0.263555441
0.264455361
0.261988862
0.255011245
0.247376313
0.242136742
0.239084575
0.237963923
0.238518895
0.240493604
0.243632159
0.247678671
0.252377252
0.257467479
0.262162785
0.265530125
0.267739219
0.269044947
0.26970219
0.269965831
0.270090749
0.270269969
0.269399034
0.265141966
0.257832653
0.256312129
0.260425046
0.267601787
0.275272732
0.280965544
0.282926826
0.279740668
0.272532087
0.267784221
0.271920143
0.282222824
0.289811343
0.288446755
0.280839881
0.271420269
0.262459346
0.25407042
0.246272965
0.239086457
0.232530373
0.226624188
0.221387376
0.216839415
0.212999779
0.209887945
0.207523387
0.205925582
0.205114005
0.205108132
0.205927438
0.207591399
0.210119491
0.21353119
0.21784597
0.223083308
0.229262679
0.236403558
0.244525423
0.253647747
0.263790007
0.274971679
0.287212237
0.3005274
0.313722545
0.322664092
0.322780996
0.31075596
0.294555735
0.285238898
0.283389809
0.287187339
0.29481036
0.304437744
0.314248363
0.322421087
0.327149645
0.327777314
0.325595927
0.322086067
0.318728316
0.317003257
0.318369198
0.322412956
0.325611378
0.326534357
0.325715138
0.323743636
0.321209766
0.31869506
0.316506323
0.314620504
0.312994458
0.311581415
0.310333199
0.309201629
0.308138525
0.307095707
0.306024994
0.304878205
0.303607162
0.302163682
0.300508241
0.298760392
0.297179305
0.29597537
0.295131659
0.294570901
0.294215823
0.293989155
0.293813624
0.29361196
0.293306892
0.292821146
0.292077453
0.291004477
0.289596655
0.287889371
0.285918627
0.283720428
0.281330775
0.278785671
0.276121118
0.27337312
0.270577678
0.267770797
0.264988478
0.262266723
0.259641537
0.25717841
0.255084108
0.253607652
0.252998071
0.253474991
0.254894735
0.256868584
0.259003231
0.260905369
0.262185892
0.262552361
0.261808999
0.259764233
0.25622649
0.251076018
0.247766702
0.249443499
0.253717618
0.257939667
0.259466621
0.257005035
0.252272554
0.247394245
0.244495175
0.245700158
0.250825541
0.254615477
0.256622162
0.257281172
0.257028083
0.256298469
0.255527907
0.255134859
0.254485871
0.251302438
0.244110761
0.238271173
0.235730931
0.235894037
0.238162553
0.241938541
0.24662406
0.251621174
0.256331941
0.260158424
0.262522847
0.263441325
0.263606677
0.263748531
0.264596518
0.266861262
0.269895244
0.27080998
0.267029426
0.260837333
0.257155016
0.258872115
0.263736499
0.268802197
0.27267906
0.275239221
0.276391246
0.276043701
0.274133744
0.271535774
0.270249488
0.272034426
0.276773767
0.283641466
0.291810155
0.300452466
0.308741031
0.315848484
0.320947454
0.323210576
0.321810481
0.316171744
0.310157613
0.31142628
0.323513419
0.331925622
0.318325302
0.297021499
0.291330524
0.296930422
0.308465661
0.320597755
0.329860141
0.336323494
0.340451509
0.342707878
0.34355623
0.343395268
0.342436336
0.340857177
0.338835537
0.33654916
0.33417579
0.331893173
0.329879364
0.328326102
0.327443858
0.327411266
0.328169383
0.329555729
0.331407398
0.333561482
0.335855075
0.338125268
0.340209156
0.341943831
0.343166386
0.343721676
0.343624952
0.343057477
0.342207397
0.341262857
0.340412004
0.339842983
0.33974394
0.340303022
0.341708373
0.344146669
0.347529077
0.351169028
0.354301638
0.356162024
0.355985303
0.353006592
0.346461008
0.335665296
0.322002451
0.3090324
0.299910431
0.295124422
0.294290483
0.297024234
0.302941295
0.311520015
0.321083042
0.329374107
0.33413262
0.333097991
0.324419495
0.312142748
0.304734299
0.306473673
0.305940779
0.289895578
0.289196394
0.309823631
0.308166807
0.290435856
0.280978854
0.289980696
0.304219349
0.309675187
0.305282081
0.2970149
0.28947771
0.283673992
0.280054168
0.27906866
0.281167889
0.286282695
0.292327013
0.296725452
0.296902622
0.290283132
0.276824781
0.268103144
0.266041571
0.268697093
0.27412674
0.280387543
0.285536535
0.287632523
0.285687484
0.281235155
0.276178898
0.27167083
0.26822077
0.266317852
0.266451214
0.26907365
0.273305268
0.27657989
0.276690124
0.274469398
0.271960947
0.270405233
0.269519673
0.268876693
0.268307788
0.267801467
0.267348433
0.266939391
0.266565047
0.266216104
0.265883267
0.265557241
0.265228731
0.264888442
0.264527077
0.264135341
0.26370394
0.263223578
0.262684959
0.262078788
0.261395771
0.26062661
0.259762012
0.25879268
0.25770932
0.256502636
0.255174617
0.253975012
0.253394946
0.253935554
0.256097971
0.26033867
0.265000195
0.267860129
0.269098823
0.269012005
0.267895405
0.266044751
0.263755773
0.261343382
0.259368507
0.258562434
0.259419958
0.261633796
0.264729241
0.268231585
0.27166612
0.27455814
0.276432936
0.276819617
0.27546562
0.272450827
0.268498313
0.268175101
0.271632173
0.276748575
0.28140206
0.283470382
0.281292079
0.277085144
0.274180444
0.272976627
0.273219034
0.274646763
0.276909101
0.279587996
0.282263767
0.284519291
0.286120493
0.287135321
0.287659974
0.287790645
0.287623532
0.28725483
0.286780734
0.286298806
0.285927855
0.285803484
0.286061753
0.286838724
0.288270456
0.290493011
0.293642449
0.297718037
0.301907797
0.305101836
0.306189805
0.304061356
0.298231119
0.293239467
0.29090736
0.290792927
0.292450007
0.295429507
0.299232781
0.303319911
0.307149719
0.310181029
0.31188341
0.312098727
0.311127719
0.309299424
0.306942881
0.304387126
0.301961198
0.299994133
0.298766342
0.298038246
0.297255397
0.296079391
0.294789766
0.29377352
0.293417653
0.294109163
0.296057847
0.298697907
0.301251407
0.302940404
0.302986956
0.300804526
0.297133755
0.293277588
0.290545159
0.290253908
0.293497928
0.298794719
0.303014723
0.303919028
0.302075923
0.298588763
0.294560902
0.291095694
0.289069415
0.28827049
0.288161958
0.288206803
0.287868005
0.286695377
0.284901452
0.283003281
0.28136126
0.280001824
0.278909047
0.278067002
0.277459765
0.277071408
0.276886008
0.276887637
0.277060371
0.277388284
0.27785545
0.278445943
0.279143838
0.279933209
0.28079813
0.281722675
0.28269092
0.283686938
0.284694804
0.285698591
0.286682375
0.287630229
0.288526228
0.289354447
0.290098959
0.290743839
0.291273161
0.291670999
0.291921428
0.292008523
0.291916357
0.291629004
0.29113054
0.29041385
0.289551129
0.288656118
0.287706982
0.286351743
0.284251557
0.282037335
0.281106391
0.282874182
0.287716404
0.293411101
0.297337311
0.29687407
0.290897377
0.285319149
0.282162405
0.281720725
0.284287688
0.290014742
0.297684192
0.305313191
0.310910532
0.312485006
0.308181106
0.298436151
0.285597112
0.27249308
0.263648596
0.264012066
0.277731556
0.294855027
0.296880237
0.287033388
0.277096179
0.274105666
0.276339398
0.281134027
0.285826201
0.287754106
0.28549609
0.281106818
0.277173935
0.274969917
0.274613007
0.276182001
0.279489219
0.283577972
0.287353672
0.289721734
0.289780612
0.287967275
0.28528577
0.282742187
0.281342615
0.28196157
0.283962386
0.28574242
0.286129376
0.285276388
0.283581641
0.28144332
0.279259609
0.277368194
0.275825545
0.274606478
0.273685804
0.273038331
0.27263887
0.272462229
0.272483218
0.272676647
0.273017325
0.27348006
0.274039664
0.274670944
0.275348711
0.276047773
0.276742941
0.277409024
0.27802083
0.27855317
0.278980853
0.279278688
0.279421485
0.279384053
0.279141201
0.278667739
0.277938864
0.277011895
0.276127377
0.275550648
0.275547043
0.276381901
0.278320559
0.281628353
0.286527576
0.292095748
0.296172397
0.296913822
0.294523507
0.289945349
0.287309847
0.290397104
0.297187263
0.305346682
0.312542848
0.316805005
0.317040833
0.312466991
0.304966894
0.298476821
0.29606409
0.297323561
0.301032545
0.305968354
0.310908299
0.314772779
0.317330746
0.318662769
0.318849895
0.317973171
0.316113643
0.313445273
0.310693043
0.308784284
0.308646642
0.311126988
0.315762476
0.321027642
0.325366352
0.327222472
0.325090221
0.319114325
0.311421197
0.304254534
0.299858035
0.300473944
0.308094356
0.320415745
0.330108729
0.329535511
0.311082549
0.282751468
0.273769258
0.280380645
0.294506631
0.308068219
0.314585028
0.314366664
0.309525143
0.302172494
0.294420747
0.288174405
0.283943768
0.281664969
0.281272358
0.282700285
0.285723927
0.288354818
0.287507967
0.281976185
0.276181201
0.275324249
0.279367754
0.283429789
0.283560504
0.280989376
0.278412876
0.276913181
0.275361692
0.272527914
0.267608934
0.260052571
0.257680621
0.266391256
0.267703778
0.259601594
0.252593929
0.25388202
0.25950356
0.263433841
0.262662247
0.257192253
0.248540078
0.24274374
0.240467144
0.240860481
0.243073941
0.246271983
0.24973154
0.252782854
0.254756487
0.254982999
0.252876985
0.248972335
0.244598996
0.241103937
0.239834131
0.242062223
0.247179541
0.252595314
0.255624275
0.253581162
0.243916258
0.232038854
0.226476373
0.226172102
0.229534932
0.234973754
0.240897456
0.24571493
0.247881185
0.246541311
0.241371674
0.234084638
0.23066314
0.231116693
0.234312989
0.239119718
0.244404575
0.249035251
0.251879722
0.251827944
0.247807128
0.239494517
0.232314683
0.22834509
0.227083944
0.228025443
0.230663786
0.23449317
0.239007793
0.243701853
0.248069549
0.251613262
0.254103649
0.255633472
0.256314556
0.256258726
0.255577806
0.254383623
0.252788001
0.250902766
0.248839741
0.246710719
0.244605532
0.242554214
0.240576716
0.238692989
0.236922986
0.235286656
0.233803951
0.232496846
0.231461559
0.230888244
0.230941708
0.231575936
0.232658093
0.234055074
0.235633775
0.237261089
0.238803911
0.240129137
0.241103662
0.241594379
0.241474462
0.240742968
0.239515367
0.237911505
0.236051228
0.23405438
0.232040809
0.23013036
0.228448608
0.227162149
0.226454889
0.226427358
0.22700882
0.228107515
0.229631685
0.231489569
0.233589408
0.235839442
0.238147912
0.240423058
0.242573121
0.24450272
0.246098598
0.247241988
0.247814125
0.24769624
0.246769566
0.244915336
0.24201685
0.238344711
0.235009806
0.233169914
0.233141042
0.234640516
0.237372858
0.241042592
0.245354241
0.250012328
0.254721375
0.259185907
0.263110446
0.266199515
0.268157637
0.268689336
0.267581768
0.265317809
0.262727
0.260153306
0.258028297
0.258471934
0.261553865
0.265674789
0.26919497
0.270474673
0.267987736
0.263385046
0.261844143
0.266594586
0.271275033
0.274904567
0.278725311
0.28397939
0.29145066
0.297656619
0.296806784
0.287724676
0.280819015
0.286935489
0.297149486
0.303492605
0.307612712
0.311258864
0.316101959
0.321250802
0.322738012
0.317523604
0.309353907
0.304502032
0.30574092
0.309571865
0.31217052
0.312957212
0.313215416
0.314244246
0.316744718
0.320347621
0.324572645
0.328939478
0.33296781
0.336177328
0.338094902
0.338510638
0.337547733
0.335350771
0.332064337
0.327833018
0.322801397
0.317114061
0.310915594
0.304350581
0.297563609
0.290699262
0.283902125
0.277316784
0.271087823
0.265359829
0.260277385
0.255985079
0.252627494
0.250349215
0.249294829
0.24960892
0.251436074
0.254920876
0.26020791
0.267441763
0.276767019
0.288328264
0.302269764
0.318169853
0.333875243
0.346966009
0.356414601
0.362549993
0.365757407
0.366422062
0.364929181
0.361663983
0.357011689
0.351357522
0.345086701
0.338584447
0.332235981
0.326426524
0.321541297
0.317965522
0.316084417
0.316283206
0.318947108
0.32416229
0.32562563
0.320593429
0.313781395
0.310071955
0.314245216
0.325226698
0.333027325
0.32836419
0.314201241
0.299624901
0.290821678
0.287218528
0.287298053
0.289542852
0.292435542
0.294741709
0.296231027
0.296895784
0.296728267
0.295720764
0.293922935
0.291704396
0.289541069
0.287582855
0.28544153
0.282906519
0.281183796
0.2789163
0.275026835
0.272366919
0.274391776
0.283345701
0.290199514
0.284383242
0.273084403
0.267572596
0.271635336
0.280308897
0.28872156
0.295602821
0.301043346
0.305136344
0.307975023
0.30965259
0.310262254
0.309897221
0.308650701
0.3066159
0.303886027
0.300554289
0.296713895
0.292458052
0.287879967
0.28307285
0.278129907
0.273144347
0.268209377
0.263418205
0.258868767
0.255132091
0.253649098
0.255954145
0.26250827
0.266566776
0.262423259
0.255596497
0.253214714
0.255799476
0.25792062
0.255277736
0.249446518
0.243609878
0.240830684
0.241763251
0.244834688
0.248388364
0.250773209
0.251083158
0.249899417
0.247979845
0.2460823
0.244964479
0.245096831
0.246070902
0.247310708
0.24824027
0.248283606
0.247053771
0.245069427
0.243120105
0.241995387
0.242484853
0.245036363
0.247489545
0.24649428
0.240764774
0.233384477
0.227812043
0.22521067
0.225153692
0.227182589
0.230838843
0.235633256
0.240415512
0.244324531
0.247210458
0.248939386
0.249377408
0.248390617
0.245845106
0.241798776
0.23787208
0.236442322
0.238796598
0.243708576
0.249600783
0.254895746
0.258016024
0.257943523
0.255644959
0.252519924
0.249777395
0.248420208
0.249440895
0.253339802
0.258870779
0.264400471
0.268295525
0.268922584
0.265488072
0.261875797
0.26172837
0.26416377
0.267626239
0.270560024
0.271409374
0.269438227
0.266998416
0.267111608
0.271024089
0.277905617
0.28680808
0.296783368
0.306883371
0.316159979
0.323665081
0.328450567
0.329568327
0.326072327
0.318129545
0.308851614
0.301756457
0.299092861
0.302052572
0.310518164
0.319108953
0.321274035
0.316895237
0.31378302
0.318195358
0.32494045
0.331093406
0.335669648
0.337684596
0.336329487
0.33261062
0.328604583
0.325999228
0.325353939
0.326976303
0.330152648
0.333273011
0.335143346
0.336523214
0.338685471
0.342084561
0.346111755
0.350087276
0.353331343
0.355167546
0.355326913
0.354331787
0.352795426
0.351331088
0.350551855
0.350835558
0.351861012
0.353177795
0.354335485
0.354883661
0.35449806
0.353440849
0.352144461
0.351041347
0.350563958
0.351063222
0.352287561
0.353715347
0.354823683
0.35508967
0.35405568
0.352070676
0.350027635
0.348829727
0.349380117
0.352513546
0.357490869
0.361999059
0.36365666
0.360082216
0.349062304
0.336896658
0.332156931
0.333171397
0.337752743
0.343713654
0.348866818
0.351024921
0.348218873
0.341499573
0.334123246
0.328701669
0.325453955
0.324084482
0.324297629
0.325797774
0.328289297
0.331476575
0.335063987
0.338755912
0.342256728
0.345289628
0.347741557
0.349583776
0.350788241
0.35132691
0.351171739
0.350294687
0.348667709
0.346262763
0.343051806
0.339017642
0.334462543
0.330052799
0.326474501
0.324413739
0.324548494
0.326929172
0.330542397
0.334271751
0.337000815
0.337614528
0.335604195
0.332019954
0.328158986
0.325318469
0.324795584
0.32731167
0.331284701
0.334514504
0.333335033
0.322273494
0.299893179
0.284796121
0.280489315
0.283991351
0.292320815
0.302496292
0.311536365
0.316461163
0.315537856
0.310529213
0.303763427
0.29678828
0.29046664
0.285480356
0.281841185
0.279383008
0.277939703
0.277345148
0.277433224
0.278037807
0.278992777
0.280132013
0.281289394
0.282298797
0.282994102
0.283209188
0.282777932
0.281534215
0.279311914
0.275944909
0.271267077
0.266404145
0.266071848
0.269322662
0.273797133
0.277135811
0.277349922
0.275190214
0.272629181
0.270733616
0.268699696
0.265943784
0.266485489
0.270802667
0.276082977
0.279496139
0.278409855
0.274745486
0.274978054
0.282945066
0.28848336
0.277558107
0.258734254
0.251587147
0.253916488
0.262401199
0.273720202
0.284552421
0.291576777
0.291846926
0.28740783
0.28385419
0.285417399
0.291371887
0.299925695
0.309286859
0.317663419
0.323266504
0.324323964
0.319126246
0.309465404
0.302609542
0.304827986
0.310984568
0.317346827
0.323184226
0.328427673
0.333103081
0.337236363
0.340853432
0.3439802
0.346642579
0.348866482
0.350677822
0.352102512
0.353166463
0.353895589
0.354315801
0.354453014
0.354333138
0.353982087
0.353425773
0.352690109
0.351801007
0.35078438
0.349666141
0.348472201
0.347228475
0.345960873
0.344695309
0.343457696
0.342273945
0.34116997
0.340162378
0.339209069
0.338245103
0.337205492
0.336025245
0.33464625
0.3330814
0.331385473
0.32961379
0.327821674
0.326083607
0.324826318
0.324785674
0.326708039
0.331339778
0.339365886
0.349220795
0.356491234
0.356581061
0.344894133
0.316988632
0.284804622
0.270342971
0.270632521
0.280795406
0.295953757
0.311226861
0.321389768
0.320865066
0.310338632
0.296359071
0.284690306
0.276562697
0.271928972
0.27074179
0.272953808
0.278199034
0.283830617
0.286221418
0.283777399
0.279085408
0.275080013
0.272724532
0.271687683
0.271615558
0.272154249
0.272949848
0.273666532
0.274191952
0.274564485
0.274825331
0.275015692
0.275176767
0.275349757
0.275401412
0.273823046
0.268477882
0.261572926
0.259346285
0.260953865
0.264876022
0.269593108
0.273585478
0.275333487
0.27343213
0.269378348
0.267726472
0.271311158
0.275241249
0.278529539
0.281715062
0.285336857
0.28993396
0.295855202
0.302414189
0.306786359
0.30191726
0.283577131
0.28816099
0.312635254
0.323571073
0.316772512
0.296044046
0.2953565
0.316775081
0.318490714
0.306061285
0.302237015
0.315163491
0.328852883
0.327317161
0.315577823
0.310052515
0.316092183
0.320279313
0.32098727
0.319357898
0.317517539
0.317619
0.320943655
0.326532622
0.333071988
0.339247837
0.343912446
0.346934643
0.348567493
0.349064775
0.34868027
0.347667759
0.34628102
0.344773835
0.343399984
0.342413246
0.34205077
0.34225665
0.342724434
0.3431396
0.343187626
0.342553991
0.340924172
0.337983649
0.333743679
0.330404159
0.33103571
0.335424916
0.339909246
0.343891385
0.347026038
0.348967911
0.349371709
0.347892138
0.344212822
0.338572472
0.331709857
0.324381625
0.317344421
0.311354891
0.307169682
0.30554544
0.307015631
0.310516228
0.31428704
0.316564993
0.315587015
0.31012678
0.304538108
0.301365078
0.300532184
0.301951217
0.305443234
0.308837265
0.308021599
0.300328815
0.290396092
0.285045447
0.290545863
0.300437328
0.298179295
0.286892418
0.278983259
0.28103087
0.286863109
0.289123663
0.286695599
0.282783349
0.279956461
0.2783724
0.277685133
0.277548629
0.277616858
0.277574941
0.277271456
0.276608397
0.275487792
0.273811665
0.27153975
0.269117632
0.267234268
0.266580431
0.267846897
0.271611813
0.276833085
0.281253774
0.282587507
0.278547908
0.267231745
0.256598356
0.253710206
0.256400853
0.26225051
0.268848614
0.274443601
0.278371274
0.280069125
0.278974644
0.274531723
0.268553801
0.265546759
0.265289021
0.267011399
0.269944708
0.27331976
0.27636737
0.278303583
0.277885871
0.273335344
0.264650237
0.259976619
0.26034853
0.264068452
0.269438866
0.274762255
0.278341098
0.278480826
0.27506616
0.272160111
0.274121854
0.278968114
0.283615211
0.28750646
0.290117488
0.290923924
0.289422965
0.285491876
0.279880821
0.276917814
0.282308316
0.296219742
0.30834748
0.308455953
0.299489418
0.292375833
0.294079358
0.299802722
0.302881242
0.301287997
0.297174083
0.292712601
0.289519257
0.289057298
0.292789968
0.302180509
0.31694047
0.327496261
0.332032225
0.332350642
0.330253996
0.327544774
0.326025461
0.327497088
0.33118308
0.328419939
0.310273808
0.291476434
0.28515069
0.288211712
0.297274422
0.308953745
0.319864604
0.326621924
0.326393525
0.32056728
0.312470216
0.304449902
0.296765354
0.289410688
0.282380023
0.275667475
0.269267161
0.2631732
0.257379708
0.251880802
0.2466706
0.24174322
0.237092778
0.232713391
0.228599178
0.224744255
0.22114274
0.21778875
0.214676402
0.211799813
0.209153101
0.206730384
0.204525778
0.202533401
0.20074737
0.199161802
0.197770815
0.196568525
0.195549051
0.19470651
0.194035019
0.193528694
0.193181654
0.192988016
0.192941897
0.193037414
0.193268685
0.193629827
0.194114957
0.194718193
0.195433652
0.19625545
0.197177707
0.198194538
0.199300061
0.200488393
0.201753652
0.203089955
0.204491419
0.205952162
0.2074663
0.209027952
0.210631235
0.212270265
0.21393916
0.215632037
0.217343014
0.219066208
0.220795736
0.222525716
0.224250265
0.2259635
0.227659538
0.229332497
0.230976494
0.232585647
0.234154072
0.235675887
0.237145209
0.238556156
0.239902845
0.241179393
0.242379917
0.243498535
0.244529364
0.245466521
0.246304125
0.247036291
0.247663024
0.248210095
0.248710323
0.249196525
0.249701521
0.250258129
0.250899167
0.251657454
0.252565809
0.25365705
0.254950853
0.256315941
0.257524509
0.258347184
0.258554594
0.257929207
0.256501929
0.25453947
0.2523892
0.25073014
0.250337602
0.251951604
0.255537025
0.260303569
0.265429626
0.270092903
0.27335711
0.27404543
0.271142243
0.26600088
0.261572445
0.260828975
0.265057819
0.271891246
0.278482647
0.281985417
0.279553422
0.270943744
0.264512557
0.264865941
0.268356256
0.27266592
0.286445719
0.298468339
0.296738875
0.287732151
0.280422759
0.282525366
0.291147088
0.299685136
0.307020468
0.3132223
0.318359847
0.322502325
0.32571895
0.328078936
0.329651501
0.330505858
0.330711225
0.330336815
0.329451846
0.328125532
0.32642709
0.324425734
0.322190681
0.319791145
0.317296343
0.31477549
0.312297801
0.309932493
0.30774878
0.305815879
0.304203005
0.302979373
0.302214199
0.301976699
0.302336088
0.303334889
0.304758491
0.306248585
0.307445289
0.307988724
0.307558112
0.306493366
0.305684677
0.306039023
0.308463381
0.313641823
0.315213445
0.308755757
0.298801903
0.290176147
0.287728626
0.298480071
0.319713555
0.332685345
0.331295866
0.317562636
0.299646425
0.292590928
0.295434286
0.305173837
0.318806919
0.333330902
0.345767279
0.353205178
0.352745484
0.341489085
0.320353705
0.309906409
0.312093698
0.320742582
0.329679871
0.333238664
0.331567039
0.32853141
0.328058683
0.334075765
0.350149153
0.372616504
0.391130934
0.395094221
0.373908139
0.318804551
0.294484226
0.331714573
0.343831369
0.321820679
0.293826269
0.278578074
0.275126091
0.280104531
0.290147608
0.301889534
0.311964523
0.317006786
0.313836465
0.303550043
0.291520351
0.282451412
0.276826883
0.273830112
0.272644084
0.272451784
0.272348483
0.270737899
0.265704378
0.257106549
0.248766109
0.24468924
0.24419704
0.243278645
0.239125841
0.23331799
0.228319677
0.225110208
0.223104045
0.221711172
0.220720847
0.220049971
0.219615542
0.219334557
0.219124014
0.218900909
0.218582323
0.218108304
0.217473107
0.216678808
0.215727482
0.214621204
0.21336205
0.211952093
0.21039449
0.208724205
0.207012445
0.205322776
0.203663472
0.202023768
0.200445853
0.199061723
0.197997863
0.197248466
0.196735783
0.196381343
0.196106676
0.195833313
0.195482783
0.194976616
0.194260867
0.193379681
0.192401082
0.191371862
0.190313321
0.189245252
0.188187448
0.187159701
0.186181803
0.185273547
0.184454726
0.183745132
0.183164557
0.182732795
0.182469636
0.182394875
0.182528303
0.182889714
0.183498898
0.18437565
0.185539761
0.187011023
0.18880923
0.190954174
0.193465648
0.196363443
0.199667352
0.203397169
0.207508625
0.211247674
0.21341877
0.213315076
0.211701721
0.209615975
0.208059993
0.207632594
0.208674684
0.211522977
0.216514184
0.223830277
0.23040741
0.231117282
0.227984707
0.226189052
0.228582163
0.233212289
0.237657857
0.240924648
0.242955842
0.243711005
0.243149702
0.241330665
0.240489867
0.244984453
0.257375638
0.270922695
0.276165675
0.270968061
0.263768077
0.262890882
0.269269951
0.280335565
0.293496971
0.306163412
0.315885326
0.322093782
0.325557377
0.327073314
0.327438793
0.327438194
0.327531352
0.327836172
0.328454261
0.329487223
0.331036662
0.33319567
0.335830865
0.338563955
0.34100444
0.342762763
0.343712007
0.344345181
0.345244701
0.346992982
0.35017244
0.355432015
0.362698971
0.369588794
0.373364214
0.371287963
0.365108947
0.371720081
0.377253968
0.370696618
0.361315251
0.359255017
0.365176855
0.374582758
0.382579121
0.38341278
0.372339136
0.36116006
0.357909205
0.360561303
0.366976458
0.375014776
0.382536363
0.387401323
0.38792196
0.385176578
0.38128146
0.377667876
0.374537862
0.371965846
0.370026256
0.36879352
0.368342065
0.36874632
0.370080714
0.372419673
0.375837626
0.375837626