0.602771598
0.596540816
0.592943737
0.591256816
0.590756509
0.605753808
0.593305225
0.582453782
0.571098886
0.559367106
0.547385007
0.535279157
0.523176121
0.511202467
0.499484761
0.48814957
0.477323461
0.467133
0.457704754
0.449165289
0.441641173
0.435258971
0.430145251
0.426426579
0.424229523
0.423653363
0.423847856
0.424809142
0.444711872
0.442005973
0.435869461
0.428151724
0.420702148
0.41537012
0.422261468
0.432659
0.436599255
0.437031907
0.422101252
0.400099464
0.428169766
0.407162425
0.408483541
0.410876969
0.413501681
0.415516646
0.415814932
0.407677073
0.396788546
0.393549188
0.393941027
0.39558864
0.422137437
0.421918157
0.421400211
0.420627385
0.419643462
0.41849223
0.417217471
0.415821553
0.413093824
0.409253656
0.405387145
0.402580386
0.431164515
0.429535438
0.425958401
0.421483516
0.417160897
0.414040659
0.437134814
0.426093178
0.408728246
0.410016516
0.415282957
0.416461644
0.441661828
0.449244007
0.431383068
0.417927497
0.429719055
0.448071033
0.458240913
0.450899622
0.436513536
0.446373863
0.453938629
0.454933123
0.461638227
0.452821845
0.485447679
0.488150484
0.489878699
0.490849528
0.491280175
0.491387845
0.478844034
0.458410339
0.486047624
0.487905231
0.494194948
0.485055445
0.506699666
0.492322862
0.491404177
0.49148657
0.49167579
0.492009608
0.492525799
0.493262135
0.494256389
0.495546334
0.497169744
0.499164391
0.501568048
0.504418488
0.507753484
0.51161081
0.516028239
0.521043542
0.526694494
0.533018868
0.540054436
0.547838971
0.556410247
0.621068294
0.623489025
0.625118245
0.626112612
0.626628787
0.626823426
0.626813948
0.606935471
0.575677589
0.566657616
0.567221417
0.569490844
0.632870651
0.632801383
0.632556997
0.632082623
0.631323391
0.630224431
0.628730872
0.626651575
0.53909911
0.516998284
0.517435261
0.518888803
0.612075167
0.633624475
0.639383889
0.641616554
0.6428197
0.643310703
0.643406937
0.626273515
0.55032169
0.632537172
0.600652125
0.543396116
0.610278579
0.607493474
0.600848225
0.591530567
0.580728238
0.569628975
0.559420515
0.551290595
0.546426951
0.557179143
0.551623442
0.541037948
0.527142249
0.51165593
0.496298581
0.482789789
0.47284914
0.468196223
0.484172602
0.479322683
0.472337918
0.464968182
0.458963346
0.456073285
0.489798002
0.484144741
0.479629204
0.493465089
0.454848425
0.430437325
0.450364363
0.449496007
0.450340267
0.451690227
0.453454423
0.455541387
0.457859654
0.462224043
0.467057938
0.456555005
0.428232306
0.423652142
0.449201477
0.449244007
0.449244007
0.449244007
0.449244007
0.449244007
0.449244007
0.449244007
0.449244007
0.439295347
0.416766882
0.420644183
0.439082291
0.431361699
0.421068713
0.410762929
0.403003943
0.40031399
0.400363608
0.400624464
0.401272502
0.40248367
0.404433914
0.419133155
0.436283097
0.433452116
0.42923939
0.424192144
0.418857605
0.413782998
0.40951555
0.406602485
0.405588096
0.405831509
0.407266714
0.416124429
0.442170514
0.443821454
0.444949444
0.445654054
0.446034852
0.44619141
0.446223297
0.44451991
0.439305041
0.432732789
0.427028372
0.424417007
0.435392721
0.454700159
0.452812134
0.45036141
0.448157625
0.447010421
0.46961666
0.466692793
0.462451033
0.457941494
0.45421429
0.452319535
0.487670476
0.484093384
0.478687494
0.472822693
0.467868866
0.465195899
0.503886831
0.490038922
0.477517243
0.489455917
0.49038165
0.49062068
0.490657674
0.490977303
0.492064236
0.510374874
0.511594467
0.512134674
0.512356621
0.51262143
0.513290225
0.515556759
0.524322104
0.536836145
0.548873738
0.556180291
0.558283461
0.569646317
0.569388649
0.568769268
0.567817762
0.566563719
0.565036726
0.563266372
0.561282245
0.559113933
0.556791023
0.554343105
0.551799765
0.549190592
0.546545173
0.543893097
0.541263952
0.538687326
0.536192806
0.533809981
0.531568438
0.529497766
0.527627553
0.525987386
0.524606854
0.523515545
0.522743046
0.522318946
0.545284876
0.539664663
0.529145035
0.516750323
0.505504856
0.498432964
0.517264495
0.518469754
0.519133708
0.532406143
0.517753358
0.498098508
0.485850673
0.475694974
0.469396074
0.513036653
0.493526001
0.474135959
0.494755584
0.480304959
0.471973514
0.465298237
0.460654255
0.458416696
0.468995398
0.470344723
0.472763248
0.483954851
0.461070439
0.441974239
0.469998965
0.468289891
0.465483125
0.459099151
0.444846585
0.434605713
0.453469078
0.43640594
0.423973819
0.424091818
0.427218701
0.435619682
0.432207794
0.419786298
0.414682139
0.414961161
0.416007306
0.417436338
0.418924764
0.419994781
0.420646344
0.421584204
0.423521809
0.427172605
0.440508068
0.422488925
0.410267551
0.410534653
0.411953864
0.414234054
0.421207509
0.424097605
0.425080064
0.425621128
0.426890897
0.430059469
0.445162393
0.43123184
0.420969024
0.426143316
0.440851873
0.452629528
0.429433841
0.454448895
0.435525235
0.443298535
0.445093924
0.44585856
0.446972532
0.447573575
0.447921334
0.448399257
0.449390793
0.451279393
0.491374062
0.469929379
0.449670309
0.452183903
0.470160995
0.490621953
0.502801028
0.503781736
0.484163437
0.479381276
0.479988795
0.481975097
0.530235416
0.544541491
0.513034448
0.506915307
0.507904202
0.508432358
0.508645435
0.508689091
0.508708985
0.508850776
0.509260122
0.510082682
0.569767243
0.573844326
0.575419512
0.575681264
0.574253693
0.570385546
0.564792428
0.558190094
0.5512943
0.544820803
0.539485357
0.536003718
0.563633359
0.562862488
0.560841716
0.557827434
0.55407603
0.549843894
0.545387418
0.540962991
0.536827002
0.533235841
0.5304459
0.528713567
0.557601545
0.553323087
0.543538999
0.531274353
0.51955422
0.511403671
0.521047451
0.512584002
0.501818974
0.55758807
0.547849837
0.531984671
0.53554892
0.496587303
0.480655313
0.477846109
0.478188164
0.479467332
0.507285677
0.515933545
0.479004059
0.53320748
0.519492083
0.495934466
0.476798716
0.502716846
0.492651893
0.475732854
0.45848743
0.447443322
0.477661926
0.497960756
0.502858317
0.502694585
0.492635703
0.478794289
0.470114839
0.463003441
0.456343083
0.450646124
0.446424919
0.444191823
0.490755033
0.483096062
0.469741587
0.454475996
0.441083677
0.433349018
0.471394134
0.458032475
0.444904948
0.451719383
0.452642323
0.453778834
0.497289059
0.495461934
0.491870429
0.48709017
0.481696781
0.476265887
0.470898899
0.463536425
0.457678121
0.463750049
0.465017047
0.466058605
0.506102816
0.509358304
0.50725309
0.502930113
0.497213818
0.490928655
0.484899071
0.479949513
0.476904429
0.47634881
0.476812295
0.478616826
0.519914563
0.524936
0.526886968
0.527600874
0.528247816
0.529997895
0.539540007
0.535976265
0.527812641
0.517549071
0.50768549
0.500721836
0.527846579
0.529744992
0.53042311
0.530523192
0.5306875
0.531558296
0.545564227
0.533321749
0.512638224
0.504936947
0.505150259
0.506155058
0.522368309
0.527824406
0.529849195
0.530590117
0.531217272
0.53290076
0.54256016
0.539036579
0.530540059
0.519722835
0.50923714
0.501735209
0.525059886
0.53097077
0.536757482
0.539551099
0.53760125
0.532943146
0.526991019
0.521159102
0.516861627
0.527438201
0.518058438
0.503430796
0.509151094
0.499003232
0.485042497
0.480858812
0.481126108
0.482244962
0.489626536
0.48522549
0.479046869
0.475583542
0.473504874
0.472113028
0.471815736
0.471821552
0.471835415
0.471858698
0.471892779
0.471939032
0.471998831
0.472073552
0.472164571
0.472273262
0.472400999
0.472549159
0.472719117
0.472912247
0.473129925
0.473373525
0.473644423
0.473943993
0.474273612
0.474634654
0.475028493
0.475456506
0.475920067
0.476420551
0.476959334
0.47753779
0.478157294
0.478819223
0.479524949
0.48027585
0.482229647
0.488233766
0.485040165
0.479218992
0.472932857
0.468344372
0.497353666
0.495371473
0.491364923
0.486477719
0.481853568
0.478636173
0.487807966
0.490731919
0.47777571
0.500410876
0.500157355
0.499545265
0.498607932
0.497378678
0.49589083
0.494177709
0.492272642
0.490208951
0.488019962
0.485738998
0.483399383
0.481034442
0.478677499
0.476361877
0.474120902
0.471987897
0.469996187
0.468179095
0.466569946
0.465202065
0.464108774
0.463323399
0.462879263
0.462848319
0.463669335
0.465118017
0.466759565
0.468144196
0.468878043
0.469402432
0.470337102
0.472301793
0.495480204
0.50133174
0.510537405
0.515441083
0.500012573
0.475271918
0.509426566
0.506228727
0.498985727
0.489896022
0.481158071
0.47497033
0.503983302
0.507802251
0.509230148
0.509374819
0.493586591
0.469001671
0.462320812
0.4680501
0.469677885
0.470321758
0.471103628
0.473145405
0.500378657
0.49643038
0.487805142
0.477108491
0.466945978
0.459923153
0.470141389
0.466183933
0.458630618
0.449634652
0.441349245
0.435927607
0.500384622
0.496356937
0.487457705
0.476385844
0.465840273
0.458519908
0.466044038
0.506424369
0.503005242
0.495460141
0.486778901
0.479951361
0.487044146
0.497126542
0.471921987
0.458278937
0.458777091
0.460906442
0.51405287
0.521068091
0.511787229
0.499663497
0.487721224
0.478984741
0.500369915
0.489484071
0.472091646
0.476001983
0.48764992
0.490460863
0.510074456
0.522238346
0.504655306
0.49590142
0.496779671
0.498595193
0.500501586
0.502369202
0.504411549
0.50645311
0.507586024
0.508722386
0.512347675
0.530054481
0.52860432
0.526435863
0.523828058
0.521059857
0.51841021
0.516158067
0.514582379
0.513962095
0.521296022
0.521596374
0.524006662
0.581658367
0.58141495
0.580934871
0.580199233
0.57918914
0.577885698
0.57627001
0.57432318
0.572026313
0.563221842
0.539165264
0.523175079
0.527913142
0.524556459
0.520012774
0.515376099
0.511740443
0.51019982
0.514829179
0.51305157
0.510691666
0.508306687
0.506453854
0.505690387
0.527449901
0.524206289
0.514657443
0.502887538
0.493009647
0.500415938
0.515238578
0.515554393
0.517939635
0.511497205
0.483059468
0.501973308
0.501832643
0.492887864
0.499302032
0.488262127
0.466678516
0.463996494
0.453844444
0.439877947
0.482270165
0.467932241
0.445793796
0.473874914
0.452287671
0.453205822
0.455006841
0.457201606
0.459300991
0.460815873
0.461187902
0.457571083
0.450598223
0.442911873
0.437154586
0.470300509
0.469052711
0.466368908
0.463025318
0.459798161
0.457463657
0.457358357
0.464221758
0.460529259
0.453191921
0.445024291
0.438840917
0.47331317
0.471708876
0.46814612
0.463675015
0.459345676
0.456208216
0.46714184
0.4570639
0.442199685
0.452795214
0.460120289
0.461774058
0.478957549
0.485353556
0.473661627
0.464300059
0.466206029
0.474156739
0.492151396
0.506409666
0.487775916
0.485617902
0.499041645
0.501255362
0.511925766
0.520919452
0.50347754
0.492908777
0.505910791
0.506470074
0.506777794
0.508920078
0.532498034
0.528738969
0.523794807
0.519334698
0.517027794
0.521172705
0.532318038
0.51147351
0.53580714
0.537791049
0.538883225
0.539473862
0.53995315
0.540711282
0.541905796
0.543096456
0.544311284
0.545616167
0.547207586
0.549326943
0.551556306
0.553436534
0.554508487
0.554196133
0.552133305
0.549022581
0.54564018
0.542762322
0.541165226
0.554203607
0.571423402
0.563593595
0.552099841
0.541082192
0.534680704
0.534770316
0.538855699
0.550108997
0.557729209
0.530771506
0.510046367
0.550352754
0.544359427
0.535991101
0.524662903
0.508172856
0.498307269
0.508847181
0.509628745
0.513415984
0.515499934
0.480665183
0.47332561
0.507155711
0.501316184
0.497465725
0.502813712
0.500633422
0.497044393
0.492226927
0.486361328
0.479627898
0.463213128
0.440400222
0.472208645
0.470594419
0.463494297
0.453849252
0.443483602
0.434221664
0.427887756
0.426931284
0.442031867
0.452201965
0.446548031
0.437683302
0.446178208
0.442736852
0.435369537
0.426263427
0.417605685
0.411583475
0.42809223
0.425659681
0.420835472
0.414990182
0.409494389
0.405718673
0.433866904
0.421434783
0.404371645
0.399599573
0.400598542
0.404465038
0.427870378
0.419230072
0.407563954
0.404554435
0.411154946
0.421620151
0.430930967
0.434128224
0.431134694
0.425240226
0.418684926
0.413708901
0.420554515
0.443207219
0.442405854
0.440642646
0.438429214
0.436277176
0.43469815
0.452199389
0.437220958
0.426936401
0.436865512
0.451972317
0.459780446
0.461859639
0.459774546
0.452259466
0.4560648
0.464074886
0.472187527
0.476300526
0.469394193
0.46128013
0.461814633
0.463252853
0.465304771
0.46768153
0.469750667
0.47532167
0.54286219
0.543342708
0.54376689
0.544138374
0.544460799
0.544737804
0.544973028
0.545170111
0.545332691
0.545464407
0.545568898
0.545649803
0.545710761
0.545755411
0.545787393
0.545810344
0.545827904
0.545843712
0.545861407
0.545884628
0.545917014
0.545962204
0.546023836
0.54610555
0.546210986
0.54634378
0.546507574
0.546706005
0.546942713
0.547221337
0.547545515
0.547918887
0.548345091
0.550407259
0.560126318
0.570244049
0.569814909
0.545129694
0.520923907
0.565806016
0.557645123
0.543898094
0.528417438
0.51505566
0.507665267
0.54728508
0.538100844
0.523469978
0.507412136
0.49394697
0.487094132
0.50920393
0.527309186
0.476383389
0.474889551
0.475338306
0.476528775
0.478818699
0.518957804
0.524203122
0.516319523
0.48249605
0.459198126
0.517098819
0.511537998
0.50683047
0.502821826
0.468855941
0.447744586
0.481059513
0.476625381
0.470469158
0.46410145
0.459032864
0.456774004
0.472622664
0.473712147
0.479122752
0.469019215
0.443273546
0.440511518
0.44910774
0.451115745
0.451839817
0.452282363
0.453456883
0.456376874
0.459967866
0.451565555
0.440329114
0.429064611
0.420578119
0.437696357
0.44525579
0.438569855
0.429682384
0.420607526
0.41335943
0.409905585
0.408453397
0.407197664
0.406173301
0.405415221
0.404958337
0.436194398
0.442736596
0.433438918
0.421328168
0.409412979
0.400701985
0.410361175
0.411777406
0.412280949
0.412354367
0.412480219
0.413141068
0.432678319
0.435428342
0.444628216
0.439991003
0.433329516
0.425671306
0.418043922
0.411474915
0.406991834
0.416455875
0.418308997
0.418527249
0.430671629
0.464209202
0.462906836
0.458193625
0.451192626
0.443011728
0.434758817
0.427541781
0.422468506
0.429198332
0.445317424
0.445541313
0.447324907
0.490530185
0.493519513
0.496194478
0.498268655
0.499678559
0.500360705
0.493089966
0.465528184
0.446436295
0.466947777
0.467346979
0.469175744
0.518287256
0.516947383
0.514492224
0.51111219
0.506997688
0.502339127
0.495165585
0.481825494
0.472297276
0.479159294
0.479713424
0.481459939
0.518359096
0.517471631
0.515777912
0.51334378
0.510235078
0.506517646
0.502257326
0.494476656
0.481975146
0.480907838
0.481447202
0.483038378
0.500905077
0.484650703
0.475788143
0.469096658
0.46473293
0.462853642
0.483779208
0.466959982
0.455437708
0.446390362
0.440381193
0.437973449
0.490490369
0.486372442
0.480939852
0.474809376
0.466715715
0.461515183
0.47124055
0.462759008
0.450624647
0.437972935
0.427939337
0.42365932
0.454413184
0.45998539
0.46406823
0.456013283
0.432468711
0.418385169
0.424157685
0.435620184
0.443049101
0.434968994
0.415762217
0.411139322
0.413115704
0.408560662
0.404654508
0.40135233
0.398609217
0.396380258
0.394620542
0.393285157
0.392329193
0.391707738
0.39137588
0.410602097
0.426066309
0.424225105
0.421382775
0.417789602
0.413695865
0.409351847
0.405007829
0.400914093
0.397320919
0.39447859
0.392637386
0.408097666
0.427256921
0.42442594
0.420213213
0.415165968
0.409831429
0.404756822
0.400489373
0.397576308
0.401219323
0.403603844
0.403852125
0.406343122
0.43080835
0.433211298
0.434142817
0.434691529
0.436026314
0.439316057
0.440567537
0.425518222
0.416163888
0.438073796
0.439805129
0.44659994
0.436114753
0.46315174
0.45849661
0.452207937
0.446435119
0.443327556
0.481405596
0.46405223
0.449984266
0.476000813
0.478681291
0.483103266
0.502228946
0.49809366
0.474971863
0.492608213
0.504342799
0.510242013
0.512276655
0.50905861
0.490567623
0.520248364
0.533057564
0.540227846
0.575966209
0.577891866
0.578586733
0.578691841
0.578848222
0.579696909
0.587703996
0.576781322
0.558514808
0.551603984
0.552032445
0.554009026
0.591858196
0.614683833
0.593030359
0.581700697
0.582462497
0.584199675
0.586326293
0.588256315
0.589385461
0.590025414
0.590935827
0.592876353
0.596606645
0.6237985
0.599686264
0.58953693
0.593804838
0.595004003
0.595226024
0.595418412
0.596528675
0.599504324
0.614545579
0.614884008
0.61703933
0.642242275
0.642613246
0.642895685
0.64310166
0.643243241
0.643332498
0.6433815
0.643402317
0.643407018
0.608258517
0.516027384
0.541597337
0.520529401
0.494851638
0.569308167
0.635503919
0.57420844
0.589516727
0.560508152
0.511983565
0.523109298
0.524824305
0.525423896
0.546698889
0.569342457
0.579409459
0.581698721
0.570794644
0.551648916
0.574163613
0.569754484
0.55941821
0.546384843
0.533884434
0.525147036
0.53280769
0.537556712
0.539784192
0.551578756
0.550276728
0.547161872
0.542527728
0.536667838
0.52987574
0.521727136
0.50340411
0.485602944
0.516839407
0.514820915
0.510847785
0.505549529
0.499555661
0.493495694
0.487999141
0.483695516
0.481214332
0.502900803
0.498020291
0.492571473
0.497363735
0.496915368
0.496081546
0.494987012
0.493756508
0.492514777
0.491386562
0.490496606
0.489969651
0.544538357
0.545818056
0.546081524
0.565465394
0.57310533
0.580048408
0.586327923
0.591977167
0.597029433
0.601518012
0.605476199
0.608937286
0.611934566
0.614501331
0.616670874
0.618476488
0.619951465
0.621129099
0.622042682
0.622725506
0.623210866
0.623532052
0.623722359
0.623815078
0.623843503
0.621694752
0.612598792
0.59827781
0.580805228
0.562254467
0.544698948
0.530212092
0.520867322
0.529994356
0.511053884
0.47403581
0.431494024
0.395982417
0.380054878
0.564578201
0.658736629
0.5616159
0.570027971
0.561614585
0.540805068
0.532037941
0.533397546
0.53922934
0.563983949
0.629423297
0.568689635
0.544046379
0.541475475
0.536424171
0.531310921
0.525430417
0.518391831
0.511292987
0.505231708
0.501305819
0.510498929
0.476710327
0.439848092
0.557611417
0.638759337
0.625218297
0.61402461
0.628537496
0.622244184
0.612917988
0.60296596
0.594795148
0.590812604
0.596130085
0.593785146
0.589952825
0.584902576
0.578903852
0.572226106
0.56513879
0.55791136
0.550813266
0.544113964
0.538082905
0.532989544
0.529103332
0.526693725
0.530792163
0.532210522
0.532711018
0.532780106
0.53290424
0.533569873
0.547069686
0.541367234
0.531708938
0.527528589
0.529005625
0.53216808
0.536135839
0.540028787
0.542966813
0.544071934
0.54405878
0.544022311
0.543964034
0.543885458
0.543788089
0.543673436
0.543543006
0.543398306
0.543240845
0.543072129
0.542893666
0.542706965
0.542513532
0.542314876
0.542112503
0.541907921
0.541702639
0.541498163
0.541296001
0.541097661
0.54090465
0.540718476
0.540540647
0.54037267
0.540216053
0.540072303
0.539942928
0.539829435
0.539733333
0.539656129
0.53959933
0.539564443
0.545570417
0.557225247
0.557948029
0.562693425
0.561734599
0.529707378
0.547572276
0.556311387
0.552703703
0.547929441
0.543132304
0.539455998
0.544071954
0.551596344
0.54599082
0.532021346
0.515617478
0.502716764
0.524756987
0.530855796
0.536655908
0.539552897
0.538857529
0.536861785
0.533659363
0.529343966
0.524009293
0.517558164
0.496581819
0.471341102
0.512382241
0.507718105
0.497809719
0.485364023
0.473087962
0.463688477
0.459312047
0.456391343
0.453826561
0.451727994
0.450205938
0.449370685
0.477333802
0.45417755
0.451824644
0.449857284
0.44824199
0.446945282
0.445933678
0.445173699
0.444631863
0.44427469
0.444068699
0.443980411
0.473211975
0.4714529
0.467989216
0.46336815
0.458136927
0.452842773
0.448032914
0.444254576
0.442054984
0.44174354
0.442359371
0.444588465
0.477123093
0.479375617
0.480865805
0.481751083
0.48218888
0.482336623
0.481697611
0.470060604
0.455693126
0.452278505
0.452992931
0.455675486
0.48836445
0.488207062
0.48781745
0.487182364
0.486288555
0.485122771
0.483671764
0.481428991
0.471441066
0.477947747
0.482169879
0.483368798
0.519977094
0.519066951
0.516756322
0.51345651
0.509578819
0.50553455
0.501735006
0.49859149
0.496515303
0.512448722
0.509117617
0.503600376
0.501171089
0.501174614
0.501190287
0.501226808
0.501292878
0.501397197
0.501548466
0.501755384
0.502026652
0.502370971
0.502797041
0.503313562
0.503929234
0.504652758
0.505492835
0.506458164
0.507557446
0.508799381
0.510192669
0.511746012
0.513468109
0.515367661
0.517453368
0.51973393
0.522218047
0.538950076
0.537081831
0.534298894
0.530959966
0.527423752
0.524048954
0.521194276
0.51921842
0.518480089
0.529035786
0.524663458
0.518107328
0.510083174
0.501306772
0.492493901
0.484360337
0.477621857
0.47299424
0.471104315
0.47021115
0.469391249
0.468647592
0.467983161
0.467400936
0.466903899
0.46649503
0.466177309
0.465953719
0.465827239
0.488744762
0.491126824
0.492723697
0.493692339
0.494189707
0.494372758
0.494295678
0.482947958
0.46564351
0.459783548
0.460016665
0.461065966
0.483383246
0.488729963
0.491721366
0.494148837
0.495948184
0.497055215
0.497376292
0.490021927
0.478070582
0.473328589
0.473728935
0.475641811
0.503490311
0.50501631
0.505583728
0.505676369
0.505778034
0.506372528
0.507943651
0.506403077
0.525483412
0.528231482
0.529738623
0.530375877
0.530514285
0.522554798
0.504980923
0.495897058
0.496110548
0.497344649
0.503990665
0.542348108
0.541535825
0.540187045
0.538376167
0.536177588
0.533665709
0.53091493
0.526082913
0.517582461
0.508123553
0.500475765
0.500973109
0.533781276
0.502864919
0.486926137
0.49707181
0.514813659
0.525819276
0.496931089
0.530819127
0.522388985
0.511801365
0.502744264
0.498905676
0.519270922
0.519417159
0.525861217
0.523314386
0.498791804
0.492038554
0.49996446
0.50100641
0.508496534
0.515746167
0.502931562
0.497460089
0.47985705
0.480693468
0.482470875
0.484531237
0.48621652
0.486849251
0.479601948
0.46763669
0.462790363
0.463022117
0.464197569
0.473992616
0.479340778
0.478952478
0.47798882
0.476580864
0.474859672
0.472956304
0.471001823
0.469127289
0.467463763
0.466142308
0.465293983
0.482346934
0.48045561
0.476052388
0.470462809
0.465012411
0.461026734
0.459780643
0.459817471
0.460001216
0.460450699
0.461284737
0.46262215
0.482347598
0.479844185
0.473948404
0.466455159
0.459159352
0.453855889
0.488369237
0.486401322
0.481504182
0.475187727
0.468961867
0.46433651
0.475948823
0.482350088
0.478545878
0.469823038
0.459707468
0.451725067
0.489755892
0.487876756
0.478785271
0.467026535
0.455515577
0.447167424
0.485360512
0.493988917
0.484734563
0.472637051
0.460705014
0.451947084
0.488217442
0.487944339
0.478894247
0.467147754
0.455619889
0.447225678
0.48321731
0.482633289
0.475664326
0.466650799
0.457791163
0.451283876
0.455201877
0.451807873
0.446714734
0.444737666
0.445911311
0.450967918
0.479343061
0.482564343
0.475316368
0.465915803
0.456664884
0.449865845
0.448153246
0.455592302
0.457321269
0.457927583
0.458420471
0.459809159
0.474823732
0.471747669
0.464221313
0.454593104
0.445211482
0.438424884
0.45008198
0.455610445
0.457620191
0.458354184
0.458977583
0.460655543
0.470312828
0.462132171
0.447492038
0.439760446
0.437512061
0.436079566
0.452834618
0.458526454
0.460586818
0.461340932
0.46195772
0.463606105
0.47332561
0.477079496
0.471202824
0.463559987
0.456000372
0.450373367
0.455248612
0.470652651
0.483809695
0.479717046
0.474740378
0.470547651
0.468808697
0.476315905
0.46292604
0.462110938
0.472448758
0.474068027
0.483737003
0.486283653
0.475047082
0.468806622
0.469135385
0.470123905
0.471775528
0.478977642
0.481932156
0.487095477
0.495946579
0.497009359
0.497543785
0.497827278
0.498137255
0.498751136
0.499417781
0.50005444
0.502028246
0.514821304
0.517393871
0.519335038
0.520736356
0.521833348
0.522861536
0.524056443
0.525291587
0.525930272
0.526576116
0.527912988
0.530624757
0.520829348
0.544999518
0.541846103
0.537005864
0.531710059
0.527189947
0.524676785
0.524523113
0.524808556
0.525683251
0.527476541
0.530517768
0.562378712
0.562582353
0.554870951
0.543210175
0.531846663
0.525027056
0.529212296
0.546747859
0.563374517
0.563273477
0.541137236
0.520895103
0.559931464
0.554823133
0.546575196
0.537375533
0.529412021
0.524872538
0.528408831
0.543583706
0.557949673
0.5563602
0.530409295
0.507814386
0.53101556
0.514024508
0.508548381
0.504242278
0.50098176
0.498642387
0.497099721
0.496229324
0.495906754
0.543922549
0.519828253
0.499889958
0.533803773
0.527033175
0.516709573
0.505545184
0.496252224
0.491542911
0.491402809
0.491519976
0.491860105
0.492542015
0.493684525
0.495406454
0.524031838
0.513979847
0.498962636
0.483000626
0.470114238
0.464323893
0.493609872
0.494571905
0.497983075
0.505384585
0.501212729
0.495698876
0.489068312
0.479154893
0.46784718
0.457211695
0.449314956
0.446223483
0.486638989
0.485774984
0.484437446
0.482802737
0.48104722
0.479347257
0.47787921
0.476819443
0.476344317
0.470873112
0.442483307
0.444216793
0.467361449
0.458416599
0.446417238
0.434372737
0.425292465
0.422141979
0.422185704
0.42241753
0.422995185
0.424076396
0.425818891
0.442211412
0.450943732
0.422417349
0.410121228
0.410825184
0.412490397
0.415171667
0.422393283
0.424172248
0.424796894
0.425281995
0.426642326
0.439706981
0.46289752
0.453974738
0.44196714
0.429899055
0.420794814
0.422584457
0.425078094
0.425385162
0.434231761
0.436326501
0.436546403
0.438664044
0.464237311
0.46383343
0.462300446
0.459914205
0.456913049
0.453535316
0.450019346
0.446603478
0.443526053
0.44102541
0.439339888
0.438707828
0.478599233
0.475727717
0.471260221
0.465800141
0.459950871
0.454315807
0.449498342
0.446101873
0.444729793
0.458003942
0.458341615
0.460492728
0.497072683
0.495450589
0.492716885
0.489133434
0.484962101
0.480464748
0.475903238
0.471539435
0.467635202
0.464452403
0.4622529
0.461298556
0.501870718
0.494138313
0.482595252
0.470265865
0.460174482
0.455345434
0.455283421
0.455454524
0.455931495
0.456870994
0.458429679
0.460764209
0.49597623
0.489178785
0.479111375
0.468379549
0.459588858
0.455344852
0.455282725
0.45545156
0.455924697
0.456858795
0.458410512
0.460736509
0.496388972
0.491303232
0.48337053
0.47419932
0.465398053
0.458575184
0.455339164
0.466086978
0.486185616
0.484933093
0.472595746
0.463179993
0.479316132
0.472918202
0.463690402
0.453981172
0.446138951
0.442512179
0.454811091
0.4569676
0.457803906
0.458226677
0.45925069
0.46189072
0.481998919
0.47259127
0.451417939
0.457379877
0.474578031
0.488439448
0.459975913
0.455302666
0.455648095
0.456629285
0.458577499
0.461824002
0.481919614
0.480669517
0.473482646
0.463725549
0.454802499
0.450117767
0.457059754
0.45805986
0.458273643
0.458344044
0.458914008
0.460626478
0.480624173
0.462922941
0.449666664
0.470943564
0.483310455
0.489358001
0.491282471
0.48517652
0.467244377
0.465848125
0.466387953
0.468034135
0.481434531
0.483785163
0.484803674
0.485225992
0.486066891
0.488341147
0.500535301
0.492018315
0.478793619
0.464414202
0.452433052
0.446403158
0.480982258
0.486089357
0.49079222
0.490873912
0.487865014
0.482800187
0.476408484
0.469418957
0.462560661
0.456562646
0.452153967
0.450063675
0.480503739
0.4815426
0.481942917
0.482100885
0.482412698
0.483274549
0.488667966
0.48985909
0.481300342
0.469036762
0.457478865
0.451037163
0.474963201
0.478425602
0.481559592
0.488598944
0.47357931
0.454970841
0.443648794
0.453187318
0.473643168
0.471110827
0.450675511
0.435385998
0.469284276
0.46448192
0.457378403
0.449778558
0.443487216
0.440309208
0.447969449
0.449001613
0.44923095
0.449299722
0.44985019
0.451524615
0.469731854
0.466871579
0.462415796
0.457248443
0.452253458
0.448314778
0.446316342
0.446256936
0.446574717
0.447508383
0.449389231
0.452548552
0.442333255
0.472523709
0.468421112
0.462227876
0.455521841
0.449880849
0.446882741
0.481387207
0.475976218
0.468171146
0.460708086
0.456323132
0.474409195
0.475331127
0.475567749
0.475603379
0.475922335
0.477008936
0.513583936
0.509214075
0.469953962
0.487970137
0.496558232
0.504300361
0.528085853
0.515936998
0.501837042
0.498923117
0.499353917
0.50094808
0.51316483
0.518140635
0.524144083
0.530035645
0.535737874
0.541173324
0.546264548
0.550934101
0.555104537
0.558698408
0.561638269
0.563846673
0.565250302
0.566269037
0.567203255
0.568025666
0.568708978
0.569225901
0.569549144
0.569642063
0.567643706
0.563326883
0.558359555
0.554409683
0.577143018
0.558832011
0.541384373
0.569611288
0.55996588
0.544501546
0.539578806
0.545559072
0.545124248
0.544188927
0.542931539
0.541530513
0.540164282
0.539011276
0.538249924
0.541681615
0.517017427
0.486456659
0.498718277
0.496861415
0.493436213
0.48896199
0.483958064
0.478943751
0.474438369
0.470961236
0.469031668
0.468829531
0.469235782
0.470637257
0.495339768
0.49010069
0.48128162
0.471277202
0.462482079
0.457290893
0.460178126
0.470444166
0.48268539
0.482424979
0.463042035
0.444939901
0.478380547
0.47131389
0.459946787
0.447350985
0.436598232
0.430760274
0.443630269
0.472261305
0.476058854
0.474485566
0.462995778
0.449573594
0.441303647
0.434095435
0.4299177
0.429724931
0.430272414
0.431894914
0.450945955
0.43610993
0.431554181
0.428570464
0.426689062
0.42544026
0.424399074
0.423463019
0.422663986
0.422033841
0.421604448
0.421407674
0.466271941
0.455511085
0.413893231
0.411931607
0.41306919
0.414649453
0.416277711
0.417453878
0.41810249
0.418908509
0.420577975
0.423816927
0.478322122
0.469756387
0.455689624
0.440023273
0.42665877
0.419497552
0.419143701
0.419251571
0.419575843
0.420235633
0.42135006
0.423038241
0.464811554
0.457796671
0.446577969
0.434179779
0.42362643
0.417942252
0.417644817
0.417750826
0.418071481
0.418725599
0.419831999
0.421509501
0.451206734
0.444964581
0.435285795
0.424716031
0.415800942
0.41108618
0.413537884
0.405577657
0.399771682
0.43804034
0.428912349
0.421228154
0.410275542
0.395727443
0.39062936
0.390590123
0.391018945
0.392194101
0.394490274
0.419418948
0.422063924
0.414811744
0.390331285
0.374097724
0.383998552
0.403492674
0.401449771
0.398776638
0.396360923
0.395090272
0.39610551
0.39891088
0.400970881
0.39446137
0.376245103
0.364986158
0.388955669
0.38862253
0.387162521
0.38486711
0.381967708
0.378695731
0.375282591
0.371959703
0.368958479
0.366510335
0.364846682
0.364198936
0.388944589
0.388307834
0.385781146
0.382004215
0.37756539
0.373053021
0.369055459
0.366161052
0.364958152
0.365105441
0.366176787
0.369077728
0.400427231
0.403112222
0.405469763
0.407354899
0.408758281
0.409670561
0.41008239
0.400105593
0.379093619
0.391371988
0.391761297
0.393322496
0.40451192
0.424516661
0.421385329
0.416965868
0.412764862
0.410288893
0.447987089
0.422036184
0.399441275
0.439745822
0.449186553
0.453405544
0.460819594
0.463875228
0.459962555
0.453713405
0.447352994
0.443106539
0.468727958
0.48360803
0.464471808
0.458314032
0.459206992
0.462256133
0.502344817
0.505629341
0.483138585
0.480981228
0.482765636
0.48335152
0.516105179
0.521462165
0.518121577
0.511100943
0.503136358
0.496963913
0.538550931
0.545952626
0.53893525
0.529763229
0.520680985
0.51393294
0.518606131
0.535489511
0.552697949
0.547499021
0.541139418
0.535768538
0.534649858
0.543058753
0.536345616
0.527565306
0.518859971
0.51237176
0.532976914
0.548131003
0.513471381
0.498909237
0.499245513
0.500703039
0.533535516
0.542942867
0.53581533
0.526466116
0.517185614
0.510264212
0.521084943
0.527616804
0.530254025
0.536176808
0.531632457
0.510355516
0.501172674
0.501495869
0.503111795
0.518476284
0.517382136
0.514671998
0.510824682
0.506318999
0.501633763
0.497247784
0.493639874
0.491288844
0.496467538
0.49986708
0.502987902
0.505841924
0.508441062
0.510797237
0.512922365
0.514828365
0.516527156
0.518030656
0.519350783
0.520499455
0.521488591
0.52233011
0.523035928
0.523617966
0.524088141
0.524458371
0.524740574
0.52494667
0.525088577
0.525178211
0.525227493
0.52524834
0.525252671
0.525116398
0.524714648
0.524066477
0.523190961
0.52210717
0.520834178
0.519391058
0.517796882
0.516070723
0.514231654
0.512298747
0.510291075
0.50822771
0.506127726
0.504010195
0.50189419
0.499798784
0.497743048
0.495746057
0.493826882
0.492004597
0.490298273
0.488726985
0.487309803
0.486065802
0.485014054
0.484173631
0.483563606
0.483203052
0.50061651
0.502759988
0.504299318
0.505334488
0.505965489
0.506292312
0.506414945
0.506332012
0.478790062
0.497313992
0.487012743
0.471246933
0.489878374
0.48977928
0.489512601
0.489067893
0.488434712
0.487602615
0.48656116
0.485299901
0.483808397
0.481871674
0.471130181
0.457213056
0.476212526
0.471715045
0.462668982
0.451726573
0.44154005
0.434761648
0.443288479
0.449542854
0.462283238
0.467104276
0.462799173
0.457073307
0.461059415
0.456114681
0.44669479
0.435511957
0.425278401
0.418706337
0.446399898
0.450212951
0.45309957
0.455409525
0.457079331
0.458045504
0.457997582
0.452267416
0.441453013
0.428673537
0.417048151
0.40969602
0.449350081
0.452169172
0.450520252
0.44708927
0.442308763
0.436611273
0.430429339
0.4241955
0.418342296
0.413302266
0.40950795
0.407391887
0.455162085
0.452813911
0.447943945
0.441352757
0.433840916
0.426208989
0.419257545
0.413787153
0.410598382
0.410138149
0.410842426
0.413391393
0.470270864
0.467820644
0.462321359
0.454719923
0.445963252
0.43699826
0.42877186
0.422230969
0.4183225
0.424092855
0.425508734
0.426205801
0.482339433
0.48027287
0.475280084
0.46824781
0.460062781
0.451611733
0.443781398
0.437458511
0.433529806
0.432687587
0.43314719
0.435087883
0.47957598
0.481999863
0.483629923
0.484623589
0.485138288
0.485331448
0.485350063
0.481288027
0.471878269
0.460035078
0.448672744
0.44070556
0.479544509
0.481516948
0.482239384
0.48235285
0.482498376
0.483316995
0.491389761
0.493537103
0.461688962
0.449246984
0.449565156
0.451056953
0.473595889
0.479536772
0.481635184
0.482403968
0.483012046
0.484628344
0.489509483
0.49796579
0.491414533
0.482840178
0.474328393
0.467964846
0.48243927
0.484475043
0.485235171
0.485360688
0.485492624
0.486272011
0.488339883
0.50147567
0.477225496
0.482950476
0.498647414
0.501485498
0.513827953
0.526009455
0.512572028
0.500932973
0.495045164
0.490345535
0.488370102
0.512061822
0.514478877
0.515420128
0.515966881
0.51728802
0.520552427
0.52948471
0.517658829
0.509584955
0.509640803
0.510988377
0.514564297
0.536851667
0.528170789
0.52173307
0.529472606
0.529807142
0.531080067
0.557041026
0.552859762
0.53927154
0.538635449
0.543373793
0.556186035
0.577608889
0.573915468
0.554361656
0.551821825
0.552938953
0.554701384
0.5567752
0.559084544
0.562423058
0.566723586
0.571808446
0.577499955
0.583620434
0.589992199
0.596437569
0.602778862
0.608838396
0.614438491
0.619401463
0.623549632
0.626705315
0.628723581
0.630323632
0.631695968
0.632614499
0.625471768
0.511271615
0.587453571
0.526687033
0.482442547
0.651551036
0.65994084
0.64796699
0.622133643
0.593754675
0.57414396
0.587123268
0.634630011
0.637272742
0.659932243
0.639429783
0.607322158
0.620382124
0.623443356
0.613323248
0.595013061
0.575825366
0.563072733
0.592457882
0.593726653
0.594354585
0.600434831
0.573669978
0.545803893
0.550353065
0.530695754
0.514744263
0.556470635
0.53551123
0.517965475
0.535237629
0.538638877
0.541791444
0.548515925
0.532729513
0.513160911
0.494014733
0.472785129
0.462942517
0.512915467
0.485891096
0.465797897
0.458640712
0.452499184
0.44751751
0.443839888
0.441610513
0.458358104
0.460822523
0.462487598
0.463509987
0.464046351
0.464253346
0.464287634
0.461508061
0.454507771
0.4454849
0.436637905
0.430165244
0.45832733
0.462403655
0.464006814
0.464287603
0.464128329
0.463635015
0.462804066
0.46163192
0.460115017
0.458248854
0.448799356
0.434205064
0.452243358
0.443796071
0.429480406
0.423680406
0.424895619
0.427601778
0.431381186
0.435816143
0.44048895
0.444980057
0.448498055
0.45107432
0.453350499
0.455968234
0.459569171
0.464794953
0.472287225
0.48268763
0.496637814
0.513444497
0.496365488
0.484143504
0.491013135
0.492299575
0.492817472
0.493952175
0.497523073
0.502493364
0.50483458
0.505759181
0.508562774
0.55284359
0.554200008
0.554582047
0.55463074
0.55498712
0.556292217
0.561370703
0.5451861
0.52938814
0.541207249
0.541859471
0.542602135
0.561486831
0.575452156
0.572876241
0.568634246
0.564233935
0.561183074
0.58371658
0.571475749
0.557440609
0.55469081
0.556228847
0.561452235
0.578467219
0.575284476
0.568892233
0.560013349
0.549370686
0.537687103
0.525685462
0.514088623
0.503619446
0.495000792
0.488955522
0.486206495
0.486126016
0.486222344
0.486504703
0.487073175
0.48802784
0.489468777
0.481791087
0.507029376
0.496758507
0.482915478
0.470461622
0.464358272
0.468834674
0.464254617
0.458043106
0.451710746
0.446768144
0.444725906
0.459537802
0.451271076
0.445337076
0.441181634
0.438741274
0.438326301
0.465810054
0.461218993
0.454996469
0.448660122
0.443727591
0.441716516
0.461248798
0.458970578
0.452488066
0.444509934
0.437755491
0.435259111
0.468670484
0.463320722
0.45599467
0.448497158
0.44263302
0.440207085
0.46570754
0.466406528
0.466544692
0.466607594
0.467080796
0.468449859
0.494097134
0.481365221
0.455677536
0.465945271
0.469384109
0.471304703
0.47235582
0.473186227
0.47444469
0.475773311
0.476554662
0.479005853
0.551279376
0.547984438
0.541881447
0.533914288
0.525026842
0.516162994
0.508266626
0.502281621
0.499151862
0.568465119
0.553035736
0.53539161
0.55601363
0.554878671
0.552716558
0.549859167
0.546638371
0.543386048
0.540434072
0.538114318
0.536758662
0.53698969
0.540828509
0.547802876
0.55694053
0.567269206
0.577816641
0.587610572
0.595678736
0.601048869
0.602769334
0.602493251
0.601740969
0.600490504
0.598719874
0.596407094
0.593530182
0.590067155
0.585996028
0.581294818
0.575941543
0.569914218
0.561277172
0.52741939
0.494683009
0.558962965
0.556517802
0.5514346
0.54415935
0.535138043
0.524816672
0.513641227
0.502057699
0.490512081
0.479450364
0.469318539
0.460562597
0.453628531
0.448962331
0.447009988
0.476334335
0.476334335
0.476334335
0.476334335
0.476334335
0.476334335
0.476334335
0.476334335
0.476334335
0.470617053
0.452592024
0.440366657
0.468786957
0.462798487
0.454269229
0.445352393
0.438201189
0.434968827
0.434965795
0.435124609
0.435557705
0.436402601
0.437796818
0.439877875
0.462968668
0.457999757
0.450965996
0.443617258
0.437703416
0.434974343
0.465641743
0.450805052
0.44041687
0.440344299
0.441470612
0.444656616
0.463590686
0.466110648
0.467178967
0.467712283
0.468880695
0.471854303
0.492965681
0.472487723
0.456011511
0.455592729
0.45691302
0.459110395
0.465594322
0.468841098
0.469784561
0.470203297
0.47111185
0.473524762
0.516162806
0.509611966
0.49887912
0.486878557
0.476524568
0.470731444
0.470329216
0.470475865
0.470934483
0.471883026
0.473499453
0.475961719
0.518310115
0.516709199
0.513681015
0.509545221
0.504621473
0.499229428
0.493688742
0.488319073
0.483440077
0.47937141
0.476432731
0.474943695
0.516750799
0.514688602
0.510790015
0.505469104
0.499139938
0.492216584
0.485113111
0.478243586
0.472022077
0.466862653
0.463179381
0.461386329
0.501662758
0.499632428
0.49591737
0.490901787
0.484969881
0.478505855
0.471893911
0.465518252
0.459763079
0.455012596
0.451651004
0.450062507
0.504606113
0.506001628
0.506403552
0.506452918
0.506790757
0.508058102
0.518001152
0.486881737
0.457451338
0.500235242
0.479955515
0.461382152
0.49575289
0.494675332
0.492711685
0.490061744
0.486925304
0.483502159
0.479992103
0.476594931
0.473510437
0.470938416
0.469078663
0.468130971
0.493140751
0.505327294
0.514895722
0.522161039
0.52743825
0.531042358
0.533288366
0.534491278
0.534966098
0.534988356
0.534153251
0.532470217
0.53020548
0.527625266
0.5249958
0.522583308
0.520654015
0.519474147
0.530488465
0.530003777
0.528947044
0.527367522
0.525314465
0.522837127
0.519984763
0.516806628
0.513351976
0.509670063
0.505810142
0.501821469
0.497753297
0.493654882
0.489575478
0.48556434
0.481670723
0.477943881
0.474168625
0.469371999
0.464113247
0.459152633
0.455250425
0.453166887
0.472546199
0.473330523
0.47438804
0.485450012
0.467073429
0.448743981
0.443371515
0.439792362
0.436900703
0.43473191
0.433321354
0.432704409
0.449164955
0.433793112
0.426714103
0.421773565
0.418809813
0.417661162
0.423888304
0.426802709
0.427685366
0.428113621
0.429095076
0.431637337
0.416203922
0.411158888
0.411543636
0.412616419
0.414729252
0.41823415
0.422304375
0.414277126
0.408723278
0.409271683
0.413678724
0.4251305
0.417729682
0.45401716
0.447776293
0.43869866
0.429522089
0.422984408
0.419872168
0.417411783
0.416164976
0.431018307
0.431579665
0.433356446
0.46557808
0.467427043
0.468719124
0.469554082
0.470031678
0.470251672
0.470313824
0.464377868
0.441393072
0.463348256
0.466570644
0.470268648
0.472760778
0.491107539
0.488318532
0.48349847
0.477828982
0.472491694
0.468175852
0.463511292
0.460215884
0.46849288
0.470340464
0.472115209
0.500204987
0.497468577
0.492432324
0.486196631
0.479861902
0.47452854
0.471296948
0.470821849
0.471015037
0.471698991
0.473183625
0.47577885
0.495183354
0.497028004
0.492364525
0.484614213
0.476609025
0.471180918
0.472189349
0.483939566
0.496834434
0.499532422
0.489154899
0.47728343
0.482924123
0.461044508
0.455902922
0.452377704
0.450257031
0.449329077
0.454671515
0.451042887
0.445361814
0.439094328
0.433706461
0.430664247
0.446032475
0.467027835
0.464981367
0.461640671
0.457871451
0.454539411
0.452510257
0.455686914
0.469542983
0.470515339
0.450555645
0.431571281
0.453555791
0.443545028
0.445315294
0.447881372
0.450401132
0.452032447
0.451556061
0.447151129
0.440228457
0.432592876
0.426049218
0.422402315
0.451076174
0.463864115
0.460401297
0.454333396
0.446730261
0.438661741
0.431197686
0.425407945
0.422362369
0.447853217
0.448484616
0.449229874
0.485814919
0.489205918
0.490614904
0.491113693
0.491711283
0.493416668
0.517130309
0.519876254
0.467472841
0.472116692
0.473334821
0.474016996
0.488990769
0.490207684
0.49059609
0.490642463
0.490833281
0.49165502
0.522925448
0.518089647
0.507878289
0.495363121
0.483615889
0.475708341
0.485998834
0.487202563
0.487583266
0.487626502
0.487817835
0.488642827
0.49561296
0.468318008
0.468510412
0.469232872
0.47083536
0.47366785
0.485608775
0.491949182
0.494153595
0.493331773
0.475729169
0.454870099
0.484380752
0.458567851
0.41931948
0.476784868
0.449005003
0.420654501
0.441372915
0.446185457
0.451281295
0.447663548
0.418900039
0.394123742
0.406133553
0.392240411
0.381868296
0.425833603
0.413698552
0.398129865
0.387066362
0.38363315
0.381002049
0.378953222
0.377586541
0.377001881
0.399879258
0.394920923
0.387752535
0.380178219
0.3740021
0.371028302
0.392440499
0.394549498
0.395042883
0.38807984
0.366747733
0.352984057
0.380540844
0.382546391
0.382999233
0.379228978
0.367301506
0.354361537
0.347909052
0.369715561
0.365803051
0.360839726
0.356493547
0.354432475
0.361609025
0.355464817
0.346918422
0.350436008
0.359010617
0.368166144
0.376435469
0.369020013
0.35608526
0.356507958
0.358176642
0.360292904
0.362220686
0.363371287
0.363937816
0.364581468
0.365966429
0.368756885
0.388779242
0.387910883
0.383416954
0.376969375
0.370176089
0.364645038
0.361984162
0.361991005
0.362456127
0.363756244
0.366320031
0.37057616
0.408225766
0.409277595
0.409684332
0.409841856
0.41014605
0.410992793
0.416263972
0.414858055
0.399942059
0.398168108
0.399299176
0.402659306
0.456257574
0.435235314
0.413113468
0.437686942
0.456053664
0.463283467
0.463357324
0.45121323
0.437118799
0.434211543
0.434801681
0.437008663
0.477608972
0.488361141
0.488018276
0.4872739
0.486270646
0.485151146
0.484058033
0.483133941
0.4825215
0.488261178
0.48445374
0.479038193
0.510124988
0.599149049
0.597147334
0.584040425
0.56584269
0.549296944
0.541146004
0.568249
0.586902108
0.458528608
0.432816897
0.419946264
0.516755789
0.688609769
0.613804487
0.540606251
0.554674177
0.555208909
0.557256341
0.634866793
0.624896506
0.608147218
0.589376121
0.573340411
0.564797283
0.659613474
0.652978135
0.64067698
0.626262245
0.613286165
0.605300976
0.633272474
0.637916743
0.641943092
0.654119283
0.611803674
0.569488065
0.64074033
0.596565329
0.556358243
0.576599058
0.581305308
0.58976981
0.636763542
0.630059413
0.57060817
0.592564862
0.58570004
0.574200929
0.559787118
0.544178193
0.529093742
0.516253353