0.343174682
0.33741837
0.334818692
0.333002464
0.331790952
0.330899287
0.330082491
0.329364823
0.328774623
0.32834023
0.328089984
0.328388578
0.332470893
0.337835589
0.340287389
0.339397709
0.337406347
0.335003544
0.332098942
0.327794854
0.322773304
0.317765379
0.313502166
0.310714749
0.312959172
0.328687335
0.325990662
0.320458096
0.313456332
0.306352065
0.300511993
0.297302809
0.301517797
0.314410711
0.317079224
0.315798529
0.313133304
0.30710452
0.288502827
0.29300229
0.297045144
0.29072735
0.277392743
0.26751668
0.270825304
0.278839637
0.286698947
0.287041146
0.276638897
0.264239641
0.259675805
0.262972783
0.268105888
0.27108354
0.270471768
0.268450021
0.265283732
0.257125383
0.253850143
0.254059031
0.254415075
0.25486572
0.25535841
0.255840588
0.256259699
0.256563188
0.256698497
0.255860835
0.25360169
0.251435648
0.250486797
0.249847947
0.249334829
0.248921981
0.24858394
0.248295243
0.248030427
0.24776403
0.247470589
0.247124642
0.246700725
0.246173377
0.245517134
0.244506994
0.24231628
0.239319092
0.236054229
0.233060487
0.230876663
0.230041546
0.230830055
0.232809168
0.235450901
0.23822727
0.240610291
0.24207198
0.242025126
0.240022611
0.236686551
0.232766128
0.229010526
0.226168927
0.224990512
0.23028345
0.232752201
0.234696075
0.236225854
0.237299883
0.237876505
0.237876972
0.237080784
0.235714412
0.234088582
0.232514023
0.23130146
0.230761623
0.231055976
0.231940594
0.233164841
0.234478991
0.235633315
0.236378085
0.236093486
0.232095064
0.227087073
0.224995537
0.225619535
0.226983692
0.228704152
0.230397054
0.23202677
0.234048358
0.236143563
0.237959701
0.23914409
0.239135972
0.235784063
0.231348336
0.229321723
0.231240461
0.235457807
0.24037552
0.244395361
0.246774787
0.248998689
0.251000749
0.252591636
0.25358202
0.253592963
0.24993275
0.24483557
0.24229332
0.247533553
0.257720141
0.264938916
0.263839718
0.259002063
0.254603929
0.255507929
0.266247172
0.278484172
0.282421194
0.277220489
0.269556918
0.265365099
0.269548693
0.279617944
0.290190165
0.29841191
0.296163343
0.283206454
0.28167127
0.296163101
0.313493934
0.319993388
0.315104042
0.307399677
0.302869694
0.30662579
0.31653335
0.327212525
0.335538109
0.334440772
0.322464153
0.319232952
0.325110502
0.334202045
0.342515043
0.346055051
0.339501123
0.331847354
0.33523349
0.344659989
0.353118446
0.355667583
0.357122849
0.358326003
0.359270082
0.359948127
0.360353178
0.360477337
0.360072165
0.35911887
0.357866033
0.356562237
0.355456064
0.354796096
0.35511855
0.357329704
0.35974064
0.360116483
0.354192275
0.345919828
0.341732673
0.348829895
0.34784583
0.344825204
0.340945388
0.337280369
0.334904136
0.335206398
0.339479589
0.344365816
0.346032638
0.345152006
0.342895776
0.339094079
0.312639327
0.318469081
0.330532691
0.330596486
0.326584426
0.321997888
0.319244915
0.31778177
0.31633095
0.313678071
0.30287672
0.288175566
0.27984812
0.281899868
0.286912262
0.290876562
0.287206464
0.270388401
0.253570338
0.25099495
0.258182528
0.263282136
0.265309601
0.261614796
0.254339601
0.246845885
0.242495516
0.244710871
0.250094444
0.250092722
0.245746227
0.239899753
0.235074273
0.233909222
0.238795519
0.242285868
0.239754776
0.234385666
0.22870122
0.225224122
0.225381471
0.226995268
0.229266881
0.231551391
0.233203883
0.233583728
0.232444852
0.230245141
0.227515013
0.224784885
0.222585174
0.221446298
0.2258846
0.229458443
0.231603623
0.233379712
0.234773127
0.235770285
0.236357604
0.23651423
0.235730948
0.23408572
0.23211895
0.230371045
0.229382409
0.229718684
0.231472474
0.234107175
0.23706348
0.239782078
0.241703661
0.242222116
0.239368064
0.234870804
0.232226523
0.237280322
0.249191769
0.258612527
0.257897251
0.250938866
0.243980481
0.242818622
0.248329443
0.256845284
0.264704447
0.27110579
0.26459825
0.25692249
0.259203399
0.266592173
0.275224763
0.283112049
0.283655769
0.274469982
0.271463834
0.276170636
0.283748797
0.290859527
0.294164038
0.290592929
0.28575659
0.289787798
0.302059246
0.312733088
0.31314158
0.306538206
0.299311273
0.297505114
0.305770224
0.319041924
0.330208325
0.337331811
0.328105457
0.313886906
0.313334676
0.315043269
0.317725444
0.321009038
0.324521887
0.32789183
0.330747196
0.333016973
0.335387146
0.338658766
0.345671152
0.346984891
0.347854996
0.348535286
0.349059978
0.349463286
0.349779425
0.350042611
0.350287059
0.350546984
0.350856602
0.351250126
0.351761774
0.352460721
0.353357043
0.354356546
0.355364241
0.35628514
0.357024253
0.357486593
0.357528367
0.356383167
0.354309286
0.351951642
0.349955151
0.348964731
0.350845761
0.355819268
0.35995369
0.3602179
0.358761861
0.356485019
0.353650745
0.347875742
0.341606014
0.33886104
0.339153882
0.339986855
0.34137096
0.347711472
0.348481502
0.346521578
0.343589867
0.34030732
0.337294886
0.335173515
0.334559138
0.335561451
0.337562032
0.339916835
0.34198182
0.343112942
0.338933324
0.325080242
0.312375095
0.311494233
0.321100257
0.332144061
0.334609878
0.319485833
0.314793513
0.311073954
0.308327551
0.306554698
0.305755787
0.308297356
0.317766471
0.326836226
0.328367672
0.325045074
0.320385275
0.316840892
0.314447071
0.312340063
0.310430205
0.308627835
0.30684329
0.304986909
0.302902325
0.300416967
0.297778971
0.295267904
0.293163332
0.291744822
0.291301756
0.292812774
0.295382637
0.297013524
0.294334161
0.287214522
0.281261167
0.280679113
0.281846166
0.283699463
0.285832941
0.287840541
0.2893162
0.289853251
0.288956771
0.286821421
0.284006509
0.281071347
0.278575242
0.277077504
0.277085253
0.278461618
0.280705534
0.283319838
0.285807365
0.287670951
0.288413432
0.287696372
0.28584555
0.28336042
0.280740437
0.278485056
0.277093732
0.277048125
0.278368063
0.280580409
0.283188001
0.285693674
0.287600265
0.288410609
0.287806038
0.286118242
0.283813211
0.281356782
0.279214794
0.277853086
0.277764003
0.279310689
0.282056749
0.28545195
0.288946059
0.291988841
0.294030062
0.295208792
0.296322632
0.297346876
0.29824733
0.298989797
0.299540085
0.299863998
0.299385605
0.291812611
0.286979819
0.28784019
0.289636647
0.291687699
0.293822405
0.29652974
0.299542268
0.302573039
0.305335099
0.307541498
0.308940634
0.309879011
0.310593124
0.311174346
0.311714051
0.31230361
0.313034397
0.313997785
0.315470703
0.317869386
0.320843881
0.323998984
0.326939496
0.329308985
0.331616559
0.333994755
0.336245678
0.338171434
0.339574131
0.340255874
0.339890793
0.338292628
0.335932092
0.333305843
0.330910541
0.329242844
0.328782265
0.329280555
0.330293283
0.331570723
0.332863146
0.333920825
0.334494033
0.331312893
0.319525192
0.308182708
0.306135732
0.310046181
0.316214153
0.322569834
0.32872414
0.319722814
0.310171463
0.312441946
0.319251258
0.327732387
0.335115458
0.339437749
0.343194354
0.346620103
0.349405675
0.351241747
0.351818702
0.350954963
0.349014863
0.346495568
0.34389424
0.341708044
0.340434145
0.340414839
0.341130614
0.342267736
0.343577622
0.344811691
0.34572136
0.346045786
0.339128816
0.326320672
0.317606394
0.31870384
0.323716803
0.330155607
0.337261388
0.340086036
0.338320344
0.335446522
0.332323587
0.329810552
0.328766433
0.348464415
0.343563223
0.335148025
0.334822302
0.335976553
0.337689936
0.339611627
0.341409732
0.34310778
0.34492214
0.347050588
0.349690903
0.353040862
0.359844084
0.362839876
0.365185714
0.367023856
0.368311392
0.369005412
0.368680806
0.365092357
0.360735641
0.359088861
0.361687966
0.366870412
0.372776176
0.379775971
0.382891827
0.385264
0.387127187
0.388440359
0.389162487
0.388955828
0.385514213
0.381121047
0.379233256
0.381700059
0.386674026
0.391844407
0.394900451
0.395058533
0.395035536
0.394993467
0.394931839
0.39485017
0.394747973
0.394624764
0.394480057
0.394313369
0.394124213
0.393912105
0.393676561
0.392815651
0.390359791
0.386934517
0.383218693
0.379891181
0.377630845
0.377249401
0.381066637
0.386496341
0.389295176
0.388323375
0.386155332
0.383984834
0.382672757
0.381811431
0.381141536
0.380435496
0.379465734
0.378004676
0.37525106
0.365721539
0.361376237
0.357699116
0.354811594
0.352835089
0.351891017
0.353086982
0.357800972
0.362355297
0.362603708
0.35647839
0.349017782
0.346089699
0.347681429
0.350252091
0.351803865
0.347434395
0.336779091
0.328245457
0.331668788
0.333997131
0.330644139
0.325501468
0.320073049
0.315862816
0.314396762
0.318864754
0.326567023
0.331514167
0.32516891
0.307874602
0.293281591
0.292190079
0.296682511
0.301454637
0.302134409
0.292725173
0.280020873
0.27399856
0.276751846
0.281860795
0.285366309
0.282277701
0.272517451
0.263875412
0.262847637
0.265029973
0.26745156
0.26793762
0.262576681
0.254930914
0.250934937
0.251196826
0.25188756
0.252818032
0.253800947
0.254649009
0.255174923
0.255208482
0.254774329
0.253952554
0.252812153
0.251422121
0.249851453
0.248169146
0.245239415
0.24107993
0.238204091
0.239690219
0.246146274
0.252411939
0.253798666
0.253596279
0.253180388
0.252563577
0.251758431
0.250777533
0.249633467
0.248338817
0.245450333
0.241379493
0.241666827
0.245716818
0.251485781
0.257895856
0.261897647
0.253529791
0.248078191
0.251667098
0.258903631
0.266425923
0.270872106
0.268798539
0.263382942
0.263636607
0.270007171
0.278669697
0.286465678
0.290797762
0.280377984
0.272555304
0.276430596
0.284877344
0.293903011
0.299515056
0.297921515
0.292410043
0.292254066
0.298369561
0.306978776
0.314788989
0.319826323
0.309845962
0.301384571
0.308566882
0.323214348
0.333842622
0.333102806
0.32831692
0.323867557
0.324195165
0.332626342
0.342495218
0.345945825
0.342573006
0.337443893
0.334550064
0.337953305
0.345540577
0.351331029
0.350572302
0.345873516
0.341313298
0.340418434
0.341773519
0.344406483
0.348370423
0.357626569
0.358215216
0.358718242
0.35914219
0.359493602
0.359779022
0.360004991
0.360178052
0.360304748
0.360391621
0.360445215
0.360472071
0.360470243
0.35935444
0.356819938
0.353519013
0.35010394
0.347226994
0.345540449
0.346303887
0.351074813
0.356142772
0.357488614
0.355965601
0.353635294
0.35179013
0.350668147
0.349704571
0.348851703
0.348061846
0.347287301
0.34648037
0.345575481
0.344487185
0.343316299
0.342187019
0.341223541
0.34055006
0.340290772
0.341541021
0.344089307
0.345938356
0.343178906
0.332784895
0.320767417
0.312752959
0.306854862
0.301505476
0.295902033
0.288630135
0.281693495
0.27833654
0.285109039
0.284234862
0.280166224
0.274774126
0.269562499
0.266035277
0.265591813
0.267626112
0.270118976
0.27091695
0.261026474
0.245015756
0.235248922
0.240813705
0.246475023
0.250489936
0.248812946
0.239614996
0.230257302
0.228240772
0.232147739
0.237183048
0.239385544
0.235850092
0.228633393
0.221097318
0.216603733
0.218623796
0.224066919
0.223640822
0.216936879
0.209787839
0.207953547
0.211681616
0.216766822
0.219216165
0.215132692
0.207455579
0.202174226
0.202094415
0.202709363
0.203603034
0.204588991
0.205480798
0.206092017
0.20607599
0.202520557
0.197408408
0.194731122
0.195095885
0.196045928
0.19730745
0.198607773
0.199848075
0.20142357
0.203178137
0.204897008
0.206365416
0.207368596
0.207688247
0.206855111
0.205064982
0.202908595
0.200976689
0.199859999
0.20008766
0.201506477
0.203539761
0.20567003
0.208180577
0.211385664
0.215610086
0.222235564
0.224648644
0.226665116
0.228282193
0.229497091
0.230307024
0.230709206
0.22951461
0.224003475
0.222804735
0.230590145
0.240691848
0.245144489
0.242208549
0.23707724
0.233742142
0.238169887
0.250490859
0.260981494
0.261266941
0.255121438
0.248536415
0.247135791
0.255219484
0.267913951
0.278552092
0.285490182
0.275218124
0.260459175
0.265141901
0.282170083
0.297381304
0.299207734
0.294863565
0.290000491
0.288637359
0.293442826
0.301737998
0.309830861
0.317088275
0.310412243
0.299402236
0.300791034
0.309387754
0.319769636
0.328216153
0.330600486
0.32181612
0.317345432
0.321400294
0.328800214
0.336183324
0.340187758
0.334164927
0.322791897
0.322396443
0.325831479
0.329864117
0.332491716
0.334670497
0.336772842
0.33866417
0.3402099
0.341275451
0.341726243
0.341103522
0.339151656
0.336420258
0.333468133
0.330854084
0.329136916
0.328856791
0.330023012
0.3321453
0.334726999
0.337271448
0.339281988
0.340261962
0.339801262
0.338119368
0.335714
0.333084107
0.330728634
0.32914653
0.328791155
0.329206094
0.329989245
0.330954172
0.331914438
0.332683607
0.333075242
0.320711609
0.317591641
0.31917574
0.321437001
0.323730508
0.325411344
0.325837155
0.324746338
0.322658203
0.320187848
0.316896371
0.312538092
0.308228904
0.30449487
0.300435567
0.296336055
0.292569558
0.289509295
0.287528488
0.287495574
0.294158664
0.292736033
0.289645613
0.285913737
0.282566735
0.280630938
0.280744667
0.281986741
0.283877554
0.286012907
0.287988602
0.28940044
0.289844319
0.289083962
0.28738028
0.285085259
0.282550887
0.280129151
0.278172038
0.277031535
0.277092076
0.278512542
0.280714435
0.283049267
0.284868553
0.285526919
0.285108348
0.284146626
0.282890334
0.281588055
0.280488369
0.27983986
0.279877324
0.280582137
0.281713267
0.283022134
0.284260156
0.285178749
0.28552915
0.2847238
0.282730315
0.280079113
0.277300611
0.274925226
0.273483375
0.276079322
0.279889561
0.28017016
0.280408322
0.28060744
0.280770911
0.280902131
0.281004496
0.281081401
0.281136241
0.281172414
0.281193314
0.281202337
0.28119288
0.281092184
0.280890039
0.280592574
0.28020592
0.279736207
0.279189565
0.278572124
0.277890014
0.277149364
0.276168887
0.274480048
0.272403302
0.270216132
0.267305032
0.26386197
0.260340161
0.257192824
0.254873175
0.253834431
0.255801915
0.260797797
0.264874682
0.265286189
0.26489557
0.264193114
0.263221573
0.2620237
0.260642246
0.259119965
0.257499609
0.255823931
0.254135682
0.25204454
0.248984987
0.245440106
0.241919623
0.23893326
0.236990741
0.236555638
0.237104272
0.238147368
0.239435196
0.240718029
0.241746141
0.242269803
0.242198755
0.241817565
0.241194539
0.240385008
0.239444306
0.238427763
0.237390714
0.236380535
0.235010539
0.2332847
0.231542072
0.230121708
0.229362662
0.229731251
0.231501382
0.234148057
0.237109388
0.23982349
0.241728474
0.242270087
0.241422961
0.239668822
0.237442687
0.235179576
0.233314507
0.232282498
0.232558459
0.234263836
0.236871683
0.239823193
0.242559564
0.244521992
0.24512499
0.242412541
0.237919107
0.235136815
0.23780984
0.244674101
0.250275675
0.250039238
0.246053682
0.24194702
0.241099164
0.244327982
0.249806804
0.25566787
0.262406714
0.265162319
0.267444583
0.269213572
0.270426378
0.271040089
0.270265546
0.265823982
0.261023176
0.259648086
0.260833215
0.263326344
0.266880769
0.27660184
0.279283397
0.281399862
0.283052186
0.284264438
0.28506069
0.285465014
0.284755931
0.279372483
0.277122054
0.282376764
0.290034994
0.294162126
0.292966296
0.290429569
0.288550783
0.289613324
0.294409406
0.300812443
0.307739769
0.310179466
0.298810816
0.292737039
0.293147072
0.294109446
0.295546976
0.297382476
0.299538763
0.301938651
0.305562234
0.312214611
0.318328227
0.320480266
0.321377433
0.322181678
0.322896441
0.323525162
0.324071282
0.324538241
0.32492948
0.325248438
0.325498558
0.325683277
0.325806038
0.325870281
0.325882298
0.325882298
0.325882298
0.325882298
0.325882298
0.325882298
0.325882298
0.325882298
0.325882298
0.325882298
0.325882298
0.325882298
0.325882298
0.325758737
0.323571499
0.319411523
0.314272631
0.309148647
0.305033393
0.302920692
0.305921919
0.315623063
0.324365741
0.325653215
0.324095232
0.321816403
0.319671939
0.317294002
0.314504373
0.311560567
0.308720097
0.306240475
0.304379217
0.303393835
0.303738313
0.305936082
0.309166897
0.312500085
0.315004976
0.315747924
0.314077177
0.310584761
0.306140207
0.301613048
0.297872816
0.295789041
0.299414963
0.305826159
0.310419171
0.311448536
0.311162415
0.310617002
0.309886066
0.309043374
0.308162691
0.307317786
0.306582424
0.306030373
0.305735399
0.305757352
0.306059912
0.306593017
0.307309951
0.308163998
0.309108441
0.310096563
0.311081649
0.312016982
0.312855846
0.313551524
0.3140573
0.314326458
0.31426442
0.313633994
0.312488443
0.310920688
0.309023648
0.306890242
0.304613391
0.302286013
0.300001028
0.297851356
0.295929917
0.294329629
0.293143413
0.292415126
0.29188341
0.291464432
0.291121906
0.290819546
0.290521066
0.29019018
0.289790603
0.289286048
0.288640229
0.287639062
0.285930049
0.283851303
0.281652217
0.278708578
0.275248076
0.271726858
0.268601068
0.266326849
0.265360348
0.267533827
0.272555318
0.276489164
0.276307223
0.273865824
0.270971966
0.269099226
0.267717516
0.266483299
0.265375196
0.264371825
0.263451807
0.262593759
0.261735198
0.260835687
0.259963983
0.259190468
0.258585525
0.258219535
0.26035589
0.268209256
0.267828382
0.26703955
0.265973937
0.264762718
0.26353707
0.262428168
0.26156719
0.26108531
0.262086178
0.267773362
0.274299082
0.277199186
0.278056956
0.2785432
0.278861797
0.279216623
0.279811557
0.280850474
0.286855844
0.285248636
0.276063412
0.275162322
0.28313911
0.294150461
0.303159697
0.30839626
0.2986403
0.289874384
0.297018428
0.312839575
0.326598382
0.331880328
0.335976606
0.339498818
0.342356816
0.344460451
0.345719575
0.346009745
0.343980772
0.339739546
0.334342035
0.328844208
0.324302031
0.321771473
0.326094345
0.323918317
0.304496994
0.299581689
0.310170886
0.32535342
0.336901293
0.343173372
0.341820703
0.338652994
0.334744234
0.33116841
0.32899951
0.330252
0.337055645
0.344126348
0.345919496
0.343772643
0.339252018
0.332503838
0.311516177
0.317537039
0.325537681
0.319601682
0.301832262
0.286429548
0.28657846
0.295668475
0.307436396
0.311432523
0.310498205
0.308166421
0.30420829
0.271592774
0.278856659
0.290493274
0.289824309
0.284946091
0.279881511
0.2774641
0.275868977
0.274512401
0.273377483
0.272447334
0.271705064
0.271133784
0.270708115
0.270392117
0.270155076
0.269966292
0.26979507
0.269610712
0.26938252
0.269079797
0.268671845
0.26810252
0.266339028
0.263668901
0.261216956
0.259327261
0.257352591
0.255355046
0.253404607
0.251571257
0.249924977
0.248535749
0.247473555
0.246808376
0.246654137
0.250468386
0.257160825
0.262150614
0.263776499
0.265130336
0.266265463
0.267161393
0.267797644
0.268153731
0.267953021
0.264605004
0.260174429
0.258145182
0.258790266
0.260517183
0.263226584
0.271955021
0.275872934
0.278097255
0.279849595
0.281154988
0.282038466
0.282525062
0.28239465
0.275354575
0.269667397
0.274521964
0.284093824
0.29089521
0.28977397
0.284941231
0.280547566
0.280338899
0.284447279
0.290661538
0.297109945
0.302818062
0.302555817
0.301955752
0.301122618
0.300161165
0.299176143
0.298272303
0.297554394
0.297127167
0.297155392
0.298143475
0.300011876
0.302751016
0.308767809
0.311120698
0.3131119
0.314727737
0.315954532
0.316778607
0.317186284
0.315170693
0.306886678
0.304635755
0.308619979
0.31507896
0.321640027
0.325931421
0.328334991
0.330536576
0.332389344
0.333746465
0.334461109
0.334201679
0.332481223
0.33016808
0.328189545
0.326311958
0.324483589
0.322914857
0.321610887
0.320441895
0.319366977
0.318345234
0.317335764
0.316297665
0.31516002
0.313798258
0.312336548
0.310929873
0.309733219
0.308901572
0.308589915
0.30886399
0.309561355
0.310494711
0.311476765
0.312320219
0.31283778
0.308767538
0.302825931
0.302872268
0.302967636
0.303108662
0.30329197
0.303514184
0.30377193
0.304061833
0.304380517
0.304724608
0.305090729
0.305475507
0.30592214
0.30675615
0.307883902
0.309112304
0.310248267
0.311098699
0.311470509
0.309333349
0.304315856
0.300347523
0.300920925
0.305402292
0.31125759
0.315965845
0.317195202
0.316555274
0.315270615
0.313551236
0.311607146
0.309648355
0.307884873
0.306526711
0.305783878
0.306169255
0.308745106
0.312744846
0.317982457
0.323069952
0.32332414
0.323497576
0.323607249
0.323670145
0.323703252
0.323723558
0.32374805
0.323793717
0.323877545
0.324016521
0.324227635
0.325501964
0.331796406
0.332522395
0.333112789
0.333580462
0.333938288
0.334199141
0.334375895
0.334481425
0.334528604
0.33429412
0.332606281
0.330282053
0.328465132
0.327183032
0.326101353
0.325150862
0.324262325
0.323366508
0.322394178
0.321276101
0.319943044
0.318325771
0.316177705
0.312383826
0.307798912
0.303659457
0.299488713
0.294957802
0.290507717
0.286579449
0.28361399
0.282052333
0.283114379
0.288044218
0.292974057
0.294061834
0.292764115
0.290187016
0.28640051
0.276877465
0.276936697
0.277096117
0.277335546
0.277634805
0.277973716
0.278332099
0.278689776
0.279026568
0.279322296
0.279556782
0.279709845
0.279760672
0.279438028
0.278619026
0.277432757
0.276008313
0.274474787
0.27296127
0.271596854
0.270510631
0.269831694
0.269745904
0.271327407
0.274416754
0.27831945
0.285193349
0.288044867
0.290361453
0.292167768
0.293420903
0.294077948
0.293601553
0.28986853
0.285576767
0.284411823
0.29256186
0.304706398
0.31144661
0.307987516
0.300383413
0.294637283
0.295460284
0.300837513
0.30806095
0.31456039
0.318027338
0.320142796
0.321879838
0.323332046
0.324593001
0.325756282
0.326842618
0.327801937
0.328670262
0.329484617
0.330282025
0.331099509
0.331971004
0.332881686
0.333807369
0.334729864
0.335630983
0.336492537
0.337296337
0.337956174
0.338415418
0.338801408
0.339244588
0.339875402
0.34082429
0.343335325
0.349120516
0.349840622
0.350425839
0.350888981
0.35124286
0.351500289
0.35167408
0.351777046
0.351822001
0.349897373
0.339070732
0.327015526
0.322864223
0.322424246
0.322090146
0.321843112
0.321664334
0.321535002
0.321436303
0.321349429
0.321255568
0.321135909
0.320971642
0.320743956
0.320434041
0.319988948
0.318410061
0.315678556
0.312387024
0.309128057
0.30649425
0.305078193
0.306348052
0.311357466
0.316177675
0.317035126
0.315354467
0.313011946
0.311292812
0.310193142
0.30924664
0.308405426
0.307621619
0.306847341
0.306034711
0.30517886
0.30439307
0.303637927
0.30285767
0.301996536
0.300998766
0.299803171
0.297820194
0.295011187
0.291848257
0.288803512
0.286349059
0.284957006
0.289808267
0.293851962
0.291542167
0.287898656
0.284001361
0.280930214
0.279763226
0.280460488
0.282121316
0.284310691
0.286593596
0.288535011
0.289699918
0.280231708
0.269282381
0.270131647
0.271589111
0.273323329
0.27500286
0.276296259
0.276872086
0.274185506
0.269974483
0.272433956
0.281470066
0.2897574
0.291115297
0.289796701
0.287586603
0.284981661
0.282478534
0.280573881
0.27976436
0.280409125
0.282208586
0.28466612
0.287285067
0.28956877
0.29102057
0.291187604
0.290248324
0.288616988
0.286667682
0.284774488
0.28331149
0.282652772
0.295776589
0.2944171
0.289109588
0.290598534
0.299837618
0.309156574
0.311372612
0.310181192
0.308042674
0.305454223
0.302913003
0.300916177
0.29996091
0.300451105
0.302154089
0.304571293
0.307203263
0.309550544
0.31111368
0.311420529
0.310606046
0.309041961
0.307028115
0.304864348
0.302850502
0.301286417
0.300471934
0.30052801
0.301073755
0.302074685
0.303527568
0.305429172
0.30834556
0.314827404
0.317501838
0.319697259
0.321370141
0.322476959
0.322974189
0.318046527
0.301849138
0.286920369
0.285095121
0.292471372
0.302873487
0.311617839
0.317228928
0.317100874
0.316779755
0.316288455
0.315649858
0.314886849
0.314022312
0.313079132
0.312080193
0.310975768
0.309289993
0.307299608
0.305447099
0.303575371
0.301517861
0.29937064
0.297229776
0.295191341
0.293351403
0.291806032
0.290651297
0.289983269
0.290340967
0.295259275
0.301537416
0.304253277
0.302868164
0.299722948
0.295628737
0.291396639
0.287837758
0.285763204
0.28645791
0.290948234
0.295695638
0.296641473
0.290997462
0.283376949
0.279761944
0.2800557
0.280764277
0.281701238
0.282680148
0.283514569
0.284018066
0.276816678
0.268379015
0.269704631
0.27186219
0.274206774
0.276093468
0.276877354
0.276611025
0.275898597
0.274888022
0.273727194
0.272564008
0.271546357
0.270793358
0.270185598
0.269660661
0.269187073
0.268733361
0.268268051
0.267759669
0.267176741
0.266487795
0.265661356
0.264542054
0.262846255
0.260820583
0.258641706
0.255715526
0.252266447
0.248747687
0.245612461
0.243313989
0.242305486
0.242792638
0.244318576
0.246446314
0.248741341
0.250769142
0.252095204
0.252266931
0.250937538
0.24853591
0.245623428
0.242761469
0.240511414
0.239434641
0.239919882
0.241616634
0.244026091
0.246651595
0.248996486
0.250564107
0.250862267
0.24974462
0.247651038
0.24507818
0.242522705
0.240481272
0.23945054
0.239630546
0.240450999
0.241642789
0.242956698
0.244143504
0.244953988
0.244997185
0.241871485
0.237413614
0.235083756
0.237076842
0.241983896
0.247908196
0.254803337
0.258278126
0.260461068
0.262247511
0.26363357
0.264615359
0.26518899
0.265342624
0.264419436
0.262457932
0.260103029
0.257999643
0.256792692
0.256746132
0.256989645
0.257460385
0.258176551
0.259156339
0.260417949
0.262154578
0.268411553
0.271419289
0.273468726
0.275152119
0.277061722
0.279789789
0.285959549
0.285413944
0.272539431
0.268861173
0.27604772
0.286969269
0.296300982
0.302821879
0.296507929
0.288691983
0.290562891
0.297145877
0.304922326
0.310530371
0.311352669
0.310415121
0.308844306
0.306994003
0.305217995
0.303870061
0.303303983
0.304140562
0.306445549
0.309608172
0.313016517
0.316058671
0.318276729
0.320197333
0.321983573
0.323682755
0.325342183
0.327009161
0.328730995
0.330719407
0.333005652
0.335340281
0.337473756
0.339156538
0.34013909
0.340127157
0.338819984
0.336616343
0.334012891
0.331506287
0.329593191
0.328770261
0.329400991
0.331191363
0.333644774
0.336264566
0.33855408
0.340016657
0.338856402
0.326634034
0.311656541
0.305829832
0.312193516
0.322470938
0.328674878
0.326966683
0.322593351
0.31906875
0.321190025
0.332113467
0.34322662
0.345318351
0.337470242
0.327385711
0.323007449
0.324146738
0.326498641
0.329071432
0.331579542
0.334714
0.338098174
0.341324557
0.343985646
0.345673934
0.345970261
0.344572917
0.341955407
0.338738681
0.335543688
0.332991377
0.3317027
0.332296032
0.334690452
0.338185487
0.342069142
0.345629422
0.348154331
0.348998801
0.349219245
0.34941874
0.349597825
0.349757037
0.349896915
0.350017996
0.350120819
0.350205922
0.350273842
0.350325119
0.350360289
0.350379891
0.350379278
0.350182017
0.349735524
0.349086515
0.348281708
0.347367817
0.346391561
0.345399654
0.344438814
0.343555757
0.342797199
0.342209856
0.341840445
0.342058949
0.348942718
0.348942718
0.348942718
0.348942718
0.348942718
0.348942718
0.348942718
0.348942718
0.348942718
0.348654566
0.345114523
0.338732822
0.330960498
0.314901001
0.294098306
0.281573836
0.28134265
0.281909402
0.28294699
0.284492174
0.291300798
0.318323158
0.328460644
0.323766725
0.316316089
0.309888145
0.305200222
0.300733635
0.29651503
0.292571055
0.288928355
0.285613577
0.282574912
0.279424696
0.276255333
0.273243952
0.270567681
0.26840365
0.266928988
0.266320825
0.267173269
0.269654746
0.272878944
0.275951018
0.277976125
0.278143207
0.27668538
0.274213323
0.271285841
0.268461738
0.266299817
0.265358884
0.266469668
0.268991242
0.270934626
0.269347387
0.262598008
0.256020757
0.254553442
0.25466882
0.254934239
0.255373869
0.256011879
0.256872439
0.25797972
0.264635662
0.264709611
0.262456071
0.259394234
0.256383992
0.254285232
0.253953189
0.255708033
0.258900333
0.262781415
0.266602602
0.26961522
0.271070594
0.27042235
0.268101921
0.264794419
0.26118294
0.257950579
0.255780432
0.255350039
0.256870358
0.25973979
0.263275241
0.266793614
0.269611814
0.271046747
0.270567734
0.268526541
0.265549631
0.262260815
0.259283904
0.257242711
0.256753019
0.257904392
0.260026799
0.262401453
0.264781808
0.267644795
0.27129942
0.277456674
0.282314796
0.286172738
0.289511453
0.292104435
0.293725178
0.294068303
0.290733205
0.285601897
0.282665957
0.284638757
0.289778099
0.295560288
0.299464352
0.297742065
0.289449039
0.288053572
0.297662312
0.309547592
0.314304379
0.311160676
0.306019153
0.30287545
0.30886555
0.323823881
0.335991995
0.335362459
0.326206443
0.31681081
0.315232916
0.32496171
0.337584987
0.343154327
0.34023377
0.335118148
0.331762534
0.333225779
0.338140502
0.34397538
0.34820944
0.348896047
0.348509916
0.347820011
0.346931445
0.345949329
0.344978776
0.344124897
0.343492804
0.343187608
0.343954825
0.346861806
0.351020583
0.356939266
0.360950064
0.361995271
0.362899964
0.363673289
0.364324392
0.36486242
0.365296518
0.365635834
0.365889512
0.3660667
0.366176544
0.36622819
0.366119994
0.365123929
0.363302469
0.360895205
0.358141731
0.355281639
0.35255452
0.350199966
0.348457572
0.347566927
0.349025886
0.354876109
0.36060261
0.361009656
0.352918735
0.342910882
0.338865301
0.339213127
0.340045723
0.341273174
0.342805563
0.346251838
0.351161638
0.350930529
0.346529329
0.340678569
0.335899223
0.33485197
0.339832396
0.343144138
0.338761818
0.331085784
0.326050655
0.327664945
0.332601892
0.336819623
0.33479642
0.321392592
0.307030135
0.303333822
0.310756782
0.320910131
0.325880581
0.322228321
0.314738077
0.308095431
0.305027489
0.302887826
0.3009787
0.298948357
0.297285549
0.295218488
0.291176236
0.282015568
0.277858644
0.274375759
0.271669649
0.269843054
0.268998713
0.269260389
0.270542896
0.272453144
0.274587443
0.276542098
0.277913416
0.278318635
0.278286213
0.278212174
0.278104305
0.277970391
0.27781822
0.277655576
0.277490245
0.277330015
0.277182671
0.277055998
0.276957784
0.276895814
0.276878724
0.276979423
0.277257923
0.277738209
0.278444266
0.279400077
0.280629628
0.285533676
0.28639839
0.277183815
0.274863599
0.284548885
0.297152818
0.302806151
0.299909378
0.294775047
0.291398797
0.295740613
0.308077962
0.318618004
0.31881123
0.312141707
0.304967742
0.303127354
0.30818186
0.316579837
0.3245751
0.331592801
0.330642131
0.327908828
0.324411299
0.321116918
0.318993062
0.327984471
0.340045896
0.337769345
0.334016039
0.329913272
0.326588338
0.32516853
0.33105115
0.335136802
0.338849136
0.342044773
0.344462043
0.345839274
0.345995754
0.345403188
0.34423027
0.342531057
0.340359604
0.337769968
0.334816204
0.327836448
0.316317239
0.307921633
0.310427347
0.32329596
0.335944894
0.332534683
0.317356971
0.319307128
0.322783588
0.32671149
0.330015973
0.331622174
0.330255271
0.326278991
0.321679877
0.317891765
0.314005147
0.310455335
0.307882654
0.306315219
0.304876435
0.302596484
0.295252631
0.284940479
0.278529569
0.283558208
0.28938106
0.293568533
0.291531797
0.277646827
0.262638814
0.259052735
0.26634875
0.271538974
0.273990846
0.268661974
0.258465889
0.251316759
0.252483812
0.25733685
0.261710411
0.262125109
0.259893021
0.256962957
0.254911787
0.253504104
0.252246736
0.251118625
0.250098714
0.249165943
0.248299255
0.247448453
0.246551854
0.245672657
0.244880774
0.244246119
0.243838605
0.244394528
0.253816104
0.253692827
0.253398546
0.252985635
0.252506469
0.252013424
0.251558875
0.251195196
0.250974763
0.251641093
0.258463818
0.267955606
0.274480114
0.278465685
0.282202935
0.285517816
0.288236284
0.290184292
0.291187794
0.289791622
0.282957816
0.275884435
0.274819825
0.284473196
0.297122078
0.302806246
0.299924685
0.294806235
0.291409991
0.293574001
0.300841464
0.309500096
0.317375317
0.318031459
0.306198608
0.301761272
0.308014191
0.318190031
0.327396308
0.334477738
0.328900438
0.320639693
0.321934399
0.328307941
0.336110276
0.341979538
0.341499675
0.329842833
0.324454259
0.324842618
0.325771961
0.327253408
0.333976149
0.336950041
0.339288857
0.341117756
0.342393214
0.343071705
0.34312876
0.342706108
0.341896196
0.340766402
0.339384102
0.337816676
0.3361315
0.333441944
0.328965847
0.323568057
0.318123842
0.313508471
0.310597215
0.312046541
0.317111343
0.315177041
0.311703835
0.307771658
0.304460441
0.302850119
0.304795938
0.309773048
0.313859362
0.311368566
0.297696322
0.283544764
0.280257166
0.286047618
0.29363489
0.297005022
0.288006
0.272021247
0.261414888
0.266169378
0.272040867
0.276268693
0.275242087
0.266634581
0.257330882
0.254768074
0.258215937
0.262980722
0.265352968
0.264299518
0.262060393
0.259942458
0.258712887
0.257676818
0.256757961
0.255926063
0.255150872
0.254402134
0.253646931
0.252808439
0.251922266
0.251068758
0.250328256
0.249781106
0.24950765
0.256633066
0.259544511
0.259325312
0.25896211
0.25850746
0.258013919
0.257534043
0.257120387
0.256825507
0.256701959
0.259737482
0.266909498
0.273043039
0.274696929
0.275399726
0.275800433
0.276105145
0.276519953
0.277250954
0.278704654
0.285520566
0.278252642
0.269882357
0.27243916
0.280430683
0.28959491
0.297622352
0.297995512
0.288801965
0.285907501
0.29067844
0.298290158
0.305380786
0.308588457
0.304916522
0.300142967
0.303422419
0.313265336
0.321750426
0.322159255
0.317737749
0.312940511
0.311922279
0.319246427
0.329445974
0.334533905
0.330910151
0.323880113
0.318937797
0.32011567
0.325319802
0.332097076
0.338074821
0.341267597
0.343611709
0.34569804
0.34737976
0.348510036
0.348942039
0.342047969
0.327487821
0.316625645
0.317378738
0.323728058
0.331846695
0.339401918
0.34338282
0.343937793
0.344412132
0.344811916
0.34514322
0.345412121
0.345624696
0.345787022
0.345905175
0.345985232
0.346033269
0.346055364
0.346048829
0.345929903
0.345679741
0.345302718
0.344803213
0.3441856
0.343454257
0.342613559
0.341667883
0.340621606
0.339479104
0.338244754
0.336922931
0.335369075
0.331794116
0.326464287
0.320396391
0.314607233
0.310113615
0.307932343
0.310570848
0.318231886
0.324872551
0.325237704
0.321548381
0.316869633
0.313741749
0.311762867
0.31010811
0.308574533
0.30718974
0.30602183
0.30494132
0.303818724
0.302524558
0.300929337
0.298738743
0.295202299
0.291178285
0.287723567
0.284343924
0.280796391
0.277393576
0.274448091
0.272272545
0.271179547
0.271775219
0.274152592
0.276410095
0.275820443
0.267799833
0.258207957
0.254619445
0.257675701
0.262491582
0.265323205
0.264497106
0.262324434
0.260129196
0.258792436
0.257550776
0.256372434
0.255333782
0.254511191
0.253981034
0.253821877
0.254260359
0.255234535
0.256495824
0.257795642
0.258885409
0.259516542
0.259295229
0.257668042
0.255096885
0.252143645
0.249370208
0.247338463
0.246670112
0.253800937
0.25272728
0.249947348
0.24644254
0.243179357
0.241124301
0.240863105
0.24096334
0.241183375
0.241546283
0.242075134
0.242793002
0.243722959
0.250803723
0.251210837
0.251470177
0.25168845
0.251869111
0.252015616
0.25213142
0.252219977
0.252284744
0.252329175
0.252356725
0.25237085
0.252375005
0.252299099
0.252070954
0.251715274
0.251256974
0.250720969
0.250132174
0.249515505
0.248895877
0.248298207
0.247747408
0.247268397
0.246886088
0.246625398
0.246461574
0.246328665
0.246220255
0.246130493
0.246053526
0.2459835
0.245914564
0.245840863
0.245756547
0.245655761
0.245532653
0.245381371
0.245196061
0.244770354
0.243829992
0.242502421
0.240921859
0.239222524
0.237538633
0.236004402
0.234754049
0.233921791
0.233642256
0.234133803
0.235437288
0.237459425
0.243563935
0.246907099
0.249062022
0.250820567
0.252178701
0.253132387
0.253677592
0.253649804
0.24895642
0.245164968
0.249050728
0.256712369
0.262156429
0.261144872
0.256911924
0.253063556
0.252887092
0.256557155
0.262191319
0.268105765
0.274494356
0.278533022
0.282167112
0.285167205
0.287303875
0.2883477
0.287089353
0.282354539
0.277837476
0.278714221
0.293176295
0.31057346
0.317038895
0.30929881
0.297102409
0.289931216
0.298145933
0.317578521
0.332947745
0.332845401
0.325882298
0.318919196
0.317756556
0.323270987
0.331791733
0.339653874
0.346055084
0.339547544
0.331871784
0.334152694
0.341541468
0.350174058
0.358061343
0.358605063
0.349419277
0.346414717
0.351140271
0.358740222
0.365852703
0.369115844
0.363702232
0.356490546
0.356392158
0.357265195
0.358572028
0.360094288
0.361783532
0.364554914
0.367980688
0.371331133
0.37387653
0.374887155
0.374158396
0.37230356
0.369819811
0.367204315
0.364954233
0.363566732
0.363676188
0.365811825
0.368267112
0.369002108
0.365849546
0.360264244
0.354767177
0.351879317
0.354803837
0.359974242
0.357643599
0.347283895
0.337361114
0.337569994
0.344152432
0.346783548
0.34889408
0.350456101
0.351441683
0.351822898
0.351204379
0.349386317
0.346976903
0.344581135
0.341864357
0.337424642
0.322922965
0.301111926
0.316267545
0.325842373
0.321957077
0.314877425
0.309094705
0.306864484
0.305504573
0.303860784
0.299792783
0.29067975
0.282083564
0.279908012
0.281807107
0.284345504
0.285517408
0.281300509
0.273607403
0.268431551
0.269072691
0.27151829
0.273657059
0.272961008
0.267190692
0.260843728
0.258888261
0.259490323
0.2606536
0.262098183
0.263544165
0.26471164
0.2653207
0.265270345
0.264912577
0.264316439
0.26353049
0.262603287
0.261583389
0.260519356
0.25945243
0.2578962
0.25584032
0.253717386
0.251959995
0.251000743
0.251238588
0.252593598
0.254638113
0.256937113
0.25905558
0.260558496
0.261012139
0.260227525
0.258504696
0.25619703
0.253657901
0.251240688
0.249298766
0.248185512
0.248248014
0.249455262
0.251296679
0.253234834
0.254732295
0.255256731
0.254997753
0.254368708
0.253453867
0.252337497
0.251103869
0.249837252
0.248621914
0.247464651
0.246008399
0.244363706
0.242730045
0.241306889
0.240293709
0.239889977
0.241037446
0.244010457
0.247772468
0.251285321
0.253510856
0.253669375
0.252671264
0.250986042
0.248914413
0.246757083
0.244814758
0.243388142
0.242777941
0.244077914
0.247787769
0.252712214
0.257646164
0.261384538
0.263068901
0.264271301
0.265355092
0.266298206
0.267078575
0.267674132
0.268062809
0.268222539
0.265286831
0.260093321
0.262176517
0.271645632
0.280715387
0.282123435
0.278008615
0.27304259
0.271251378
0.277693737
0.287969961
0.294092831
0.292062005
0.287040664
0.283057134
0.284883534
0.294122796
0.303401629
0.305363802
0.301901413
0.297495054
0.295662416
0.300730192
0.31061418
0.320345446
0.328116869
0.32206141
0.306747735
0.305822492
0.314102808
0.325307351
0.334602687
0.337003776
0.328869616
0.32299955
0.323505879
0.324733833
0.326398858
0.328216399
0.330219275
0.332995456
0.336160619
0.339263709
0.341853676
0.343524049
0.344840737
0.346069941
0.347152481
0.348029182
0.348640866
0.348928356
0.348742579
0.347942683
0.346761215
0.345446754
0.344247885
0.343413188
0.343190631
0.343688921
0.344701649
0.345979089
0.347271512
0.348329191
0.348902399
0.348870862
0.348513836
0.347876017
0.346978049
0.345840573
0.344484233
0.342855956
0.337868593
0.33118195
0.327371419
0.327616245
0.328495706
0.329723855
0.331056903
0.332404309
0.334278317
0.336404261
0.338381173
0.339808088
0.340288429
0.340036891
0.339426451
0.338539689
0.337459187
0.336267523
0.335047279
0.333727525
0.33178908
0.329468575
0.327097676
0.325008052
0.323531369
0.322998402
0.323084617
0.323347134
0.323809977
0.324497167
0.325432727
0.326640681
0.330894354
0.334150491
0.330838248
0.325447275
0.31958899
0.314874812
0.31291616
0.319620838
0.323027041
0.32520988
0.326885195
0.328675237
0.331202257
0.336492963
0.3387814
0.327273388
0.321852854
0.329956706
0.342139359
0.348915229
0.348618555
0.34771791
0.346487893
0.345177087
0.344034074
0.343307436
0.343240043
0.343865335
0.344951746
0.346250694
0.347513598
0.348491876
0.348936946
0.346101357
0.339208548
0.333688225
0.333232603
0.334023872
0.335460683
0.338482124
0.343851421
0.346133295
0.348051238
0.34959167
0.350741005
0.351485663
0.35181206
0.351389999
0.349737507
0.347452996
0.345181384
0.343567587
0.343236827
0.344218526
0.346056791
0.348314599
0.350554925
0.352340747
0.353235043
0.350786442
0.343475387
0.337024851
0.336076427
0.336760504
0.337885886
0.339207694
0.340495253
0.342172861
0.344250756
0.346329609
0.348010091
0.348892872
0.348747235
0.347950271
0.346768727
0.34545233
0.344250808
0.343413888
0.343186608
0.343559263
0.34431691
0.345273112
0.346241432
0.347035434
0.347468681
0.336896776
0.333172146
0.338721811
0.339089631
0.328804447
0.314675682
0.304790867
0.298299419
0.292118608
0.286574525
0.281993262
0.278700907
0.277023552
0.277964315
0.282566103
0.287227277
0.287441688
0.277139797
0.263902248
0.25824755
0.265353093
0.270652522
0.273905387
0.270407274
0.260838393
0.25276413
0.251855306
0.253011998
0.254858132
0.256988152
0.258996507
0.260477642
0.260968408
0.24538622
0.242832138
0.240902535
0.239460359
0.238452661
0.237826489
0.237528894
0.238802198
0.247224427
0.250858583
0.249409455
0.247088513
0.24518975
0.243949477
0.242721896
0.241583424
0.240610842
0.239880926
0.239470455
0.239469055
0.239961637
0.240821103
0.241891331
0.243016202
0.244039595
0.244805388
0.245157461
0.244608629
0.242860973
0.24054666
0.238313298
0.236808495
0.236655228
0.23790454
0.240075154
0.242670411
0.245193652
0.247148219
0.248037454
0.245207625
0.238314816
0.232794494
0.232495538
0.233927724
0.23594162
0.237942655
0.240401571
0.243303418
0.246361244
0.249288097
0.251797025
0.253601075
0.254787188
0.255905396
0.256935992
0.257844803
0.258597654
0.259160372
0.259498782
0.259357655
0.254514753
0.250940703
0.255067835
0.262726065
0.267980775
0.266600317
0.261722673
0.257403851
0.258596929
0.269526388
0.281654051
0.285241533
0.279876959
0.272226008
0.268227322
0.272666611
0.282834178
0.293342321
0.301495684
0.298707494
0.28577193
0.285126732
0.302017674
0.321678574
0.328540451
0.321791383
0.311527938
0.305737337
0.309745761
0.319756954
0.330374525
0.338629279
0.337773662
0.328555853
0.32707784
0.33726591
0.349750538
0.354648754
0.351465295
0.346323971
0.343220424
0.345009214
0.350238004
0.356677362
0.363955733
0.365938281
0.364031567
0.361092647
0.357985292
0.355573272
0.355100702
0.374887155
0.371095703
0.36640232
0.368968787
0.376393086
0.382678628
0.382634937
0.378142505
0.373370379
0.372371933
0.377516809
0.384843701
0.389344803
0.390883679
0.392209074
0.393303535
0.394149607
0.394729836
0.395026767
0.394801013
0.393009909
0.390074062
0.386645748
0.383377241
0.380920817
0.37992875
0.38902858
0.388264749
0.385286492
0.381416825
0.377729736
0.375299213
0.375485902
0.379703633
0.38464058
0.386126743
0.377267519
0.363795117
0.356194033
0.362337379
0.367833274
0.371665639
0.36878337
0.356450108
0.344431382
0.343457618
0.350587023
0.355647604
0.357433066
0.349122878
0.335670332
0.32746403
0.333468811
0.336444042
0.338451364
0.339991041
0.34105282
0.341626446
0.33647718
0.320680686
0.328997384
0.334442142
0.321222946
0.298119006
0.283102584
0.28537731
0.29279658
0.299077863
0.295781327
0.27510591
0.253057786
0.247595463
0.254921259
0.260082243
0.262459976
0.253949741
0.237950117
0.22694342
0.232141232
0.233622306
0.233529364
0.233358844
0.233111871
0.232789569
0.232393062
0.231923476
0.231381935
0.230769565
0.229322774
0.226822297
0.224197964
0.221932994
0.219381307
0.216742188
0.214280162
0.212259754
0.210945488
0.210594566
0.211085052
0.212091345
0.213364863
0.214657026
0.21571925
0.216302953
0.214661038
0.208198257
0.201900295
0.200544426
0.201181995
0.202477698
0.20451642
0.210767001
0.21378452
0.215838223
0.217520378
0.219423253
0.222139118
0.227810161
0.232241006
0.234747963
0.236761185
0.238237482
0.239133661
0.239398406
0.237928943
0.235360678
0.233691433
0.236357443
0.243748022
0.250040697
0.250168898
0.246262666
0.242077063
0.241262998
0.247630283
0.257868849
0.267012832
0.273952575
0.264255166
0.250316529
0.25881913
0.287403916
0.312938616
0.314673688
0.299462466
0.282434285
0.277940725
0.299176809
0.32979118
0.346041338
0.340227708
0.328143231
0.319283852
0.322705107
0.336468925
0.349314071
0.351529098
0.349430118
0.346964922
0.346105502
0.347846379
0.351396904
0.355793366
0.362980796
0.359111368
0.351239922
0.351845552
0.358083705
0.366193626
0.373792117
0.376979322
0.368407912
0.363538527
0.374538294
0.3925284
0.403528167
0.399665107
0.389657254
0.381566333
0.384343975
0.400368867
0.416739978
0.420351592
0.413053018
0.403582992
0.399392274
0.399834494
0.400871258
0.402268771
0.403793238
0.405616307
0.408366244
0.411471253
0.414299234
0.416218089
0.416607519
0.415363825
0.413016494
0.410124328
0.407246132
0.404940711
0.403766868
0.404148859
0.405781482
0.408162526
0.410793043
0.413174087
0.41480671
0.415194401
0.414151103
0.412102071
0.409543964
0.406973441
0.40488716
0.403781779