0.815655023
0.808021544
0.807240385
0.806084889
0.800285405
0.796995848
0.799195218
0.799857837
0.792497578
0.782773813
0.779703387
0.784779727
0.78883065
0.783587432
0.772189792
0.762622541
0.759090829
0.757286018
0.751678022
0.744820107
0.744389175
0.745650226
0.730049485
0.72543749
0.741372858
0.761671016
0.769265141
0.757770431
0.752032957
0.76405298
0.776477231
0.77011252
0.741119342
0.721305728
0.734336094
0.762476831
0.783771931
0.794515079
0.798995423
0.798987664
0.795460587
0.789088239
0.791793331
0.803366287
0.807095131
0.807227132
0.815095801
0.812017281
0.787245299
0.787004564
0.81122825
0.834381793
0.8333552
0.81499252
0.824724973
0.861529829
0.885565591
0.870066335
0.841217793
0.836698602
0.863866941
0.895478176
0.904660658
0.886850513
0.876900572
0.893758329
0.915006426
0.917242606
0.906189946
0.902805186
0.918370576
0.939847832
0.951050648
0.947915345
0.936479718
0.923029565
0.913600683
0.913983637
0.923666106
0.934367625
0.938566557
0.93655403
0.931648982
0.926309797
0.921407479
0.917648359
0.915746459
0.916422483
0.919376372
0.92143116
0.919121908
0.912920616
0.906742569
0.903365168
0.901212337
0.899945904
0.899667839
0.900453821
0.902351042
0.904738233
0.904277517
0.898963064
0.890745927
0.881876726
0.871493388
0.857325557
0.840211548
0.828304675
0.830881319
0.848038674
0.862143926
0.855928338
0.838113637
0.823715141
0.828637948
0.843055577
0.834329178
0.808343094
0.786482445
0.781009883
0.782808361
0.782122792
0.777812917
0.774255639
0.77638541
0.783465482
0.786936493
0.784895418
0.780538923
0.778552221
0.781633167
0.780411421
0.771943155
0.76407048
0.764753419
0.768282311
0.771223391
0.773115537
0.773444689
0.771745653
0.768917966
0.766985994
0.767803572
0.772009755
0.779457895
0.783582911
0.781971189
0.779986086
0.780836401
0.786482106
0.785914928
0.772685108
0.765597437
0.768984745
0.778672432
0.787624835
0.790592227
0.795266707
0.802272703
0.805555271
0.799929966
0.790352553
0.799095818
0.827569722
0.849880481
0.845108427
0.825592999
0.815535832
0.826437982
0.847587564
0.865260949
0.862120796
0.851064479
0.850420283
0.856693152
0.863964841
0.865260728
0.863881958
0.868578204
0.879357389
0.893343281
0.886912615
0.864487417
0.868645975
0.890081688
0.899809811
0.887056895
0.871023274
0.871686309
0.887809101
0.905722043
0.917572743
0.927591406
0.935237665
0.939184178
0.938083731
0.932417656
0.928607675
0.929674853
0.935392303
0.94234691
0.945430435
0.932626879
0.916188526
0.909813514
0.912353575
0.920611057
0.931180572
0.939212114
0.941360003
0.939642563
0.937026702
0.937921709
0.940446718
0.938492067
0.932029752
0.92305322
0.91842282
0.919442111
0.917172079
0.914229821
0.918925785
0.92915478
0.932392483
0.930793497
0.926934082
0.922056986
0.920011903
0.924893514
0.927572032
0.922570213
0.909664551
0.892661134
0.887624301
0.882935362
0.871020573
0.8601893
0.859518798
0.866200894
0.86778021
0.857887435
0.845471168
0.840575068
0.840374417
0.84011406
0.838902733
0.83418064
0.823163999
0.811427997
0.804643068
0.802242638
0.80435361
0.811418336
0.821672821
0.830014268
0.831789005
0.826291284
0.815011088
0.804682641
0.804385015
0.809344975
0.81586091
0.822118756
0.826339511
0.826399127
0.82020304
0.8097637
0.801626022
0.801149551
0.80530849
0.8050182
0.797032158
0.789549927
0.790861322
0.798287191
0.803864159
0.803378104
0.801255079
0.803748564
0.809510024
0.811662223
0.80632839
0.798115389
0.793848669
0.795341161
0.801359637
0.81276218
0.825359476
0.832728639
0.836112472
0.84035007
0.838368723
0.830634163
0.822499561
0.818500677
0.819998647
0.8278557
0.839920646
0.851259259
0.856791792
0.854463868
0.851520365
0.854313069
0.866007718
0.882861744
0.87370635
0.864669347
0.880794516
0.903549713
0.911772778
0.905488218
0.897332988
0.896294566
0.901089746
0.908704546
0.912386477
0.912658368
0.916368607
0.92505493
0.938014639
0.935290801
0.915166888
0.912771403
0.927808634
0.944142147
0.951664509
0.953490257
0.956354465
0.962924766
0.972644666
0.979610358
0.974717877
0.973247048
0.978903979
0.981031199
0.972732105
0.960026045
0.952198844
0.952921266
0.958300691
0.963943089
0.962561208
0.956192661
0.949682985
0.945693784
0.946273587
0.95001837
0.955122292
0.960718402
0.965942715
0.970233287
0.978345373
0.986382009
0.982107459
0.964341005
0.935790033
0.907728459
0.897398477
0.912732566
0.933959014
0.92758886
0.89246247
0.870334227
0.863050436
0.868691213
0.885754346
0.910198965
0.928552426
0.92428376
0.898772869
0.872993011
0.86463879
0.871928546
0.881359722
0.883409155
0.879247679
0.871395898
0.862761291
0.85651234
0.853907257
0.850794572
0.842628579
0.831806597
0.822168944
0.815266803
0.81260749
0.815521582
0.820225843
0.822807862
0.824146641
0.825562593
0.828437103
0.832229065
0.834519589
0.834212986
0.830556695
0.823148704
0.818270264
0.824996233
0.82907218
0.828242463
0.832827502
0.844872738
0.842807536
0.839097118
0.842493395
0.847104136
0.846286875
0.837982328
0.83233388
0.837021787
0.849563208
0.866698402
0.889671626
0.910995401
0.921358029
0.927516519
0.936762576
0.919072281
0.886604472
0.88829828
0.913869654
0.93610237
0.929498923
0.906219474
0.906962516
0.927434798
0.943264543
0.946719302
0.950981441
0.955180987
0.956077178
0.949567633
0.936141505
0.92870949
0.933488146
0.948106722
0.963670754
0.973152121
0.977683687
0.978839793
0.97773772
0.975487983
0.973174124
0.971537861
0.970768267
0.970925786
0.972078422
0.974281756
0.977355389
0.980636411
0.983310217
0.984590317
0.983732376
0.980491555
0.974915869
0.967482406
0.96155122
0.961348024
0.966852302
0.971554828
0.96934001
0.961697592
0.95381134
0.948563339
0.943491584
0.935751638
0.927585269
0.924953401
0.930943256
0.938133259
0.937094166
0.926910556
0.91585253
0.91063041
0.90703091
0.897311081
0.880663384
0.86722199
0.866865635
0.878686204
0.89586881
0.91147892
0.91859704
0.910946432
0.892514036
0.878687746
0.880531103
0.884426635
0.871943238
0.858576055
0.860489242
0.863524706
0.864559717
0.864955762
0.86546196
0.865651216
0.864930477
0.862393983
0.856922745
0.848583249
0.840950667
0.838210832
0.840439548
0.844223084
0.846913425
0.849045524
0.852044917
0.857355305
0.866249397
0.878256109
0.885990432
0.888566001
0.887504189
0.884191228
0.880067531
0.877437784
0.877569447
0.879720461
0.879499168
0.872344736
0.860525143
0.857179869
0.873246103
0.895424185
0.90416777
0.893942564
0.877520357
0.867047319
0.863338729
0.8624512
0.862602439
0.867144442
0.880280921
0.899342623
0.916665778
0.927759965
0.936110212
0.942257995
0.946505158
0.949451291
0.95010959
0.94366884
0.934031363
0.925625286
0.920311487
0.919433743
0.922583109
0.928572448
0.93657397
0.946464096
0.957055035
0.955583166
0.94170602
0.925186074
0.916103903
0.924391081
0.951098461
0.982206386
1
0.988068319
0.930101324
0.862927616
0.842963219
0.857260283
0.886784503
0.912623709
0.923326296
0.922151388
0.914225872
0.904584926
0.898119489
0.899370242
0.904567693
0.892882403
0.863591613
0.840142286
0.842022933
0.861253898
0.880718646
0.888974626
0.883691908
0.865853256
0.853510624
0.85126408
0.854324802
0.855599184
0.849159519
0.848378775
0.845550692
0.821652512
0.792980534
0.783476547
0.796295419
0.810786463
0.808809598
0.795658671
0.785246211
0.783244776
0.78109521
0.770299521
0.757024857
0.755935694
0.76855577
0.775240459
0.777061723
0.775847001
0.770633643
0.762218234
0.75458626
0.752167971
0.754858699
0.756775252
0.753274809
0.748706221
0.74642367
0.747341438
0.750573425
0.754721437
0.756116315
0.755586127
0.756133976
0.758299716
0.762040998
0.76721913
0.773591086
0.780922822
0.788988527
0.797674062
0.810743889
0.828860297
0.845222434
0.852801464
0.844656145
0.822721742
0.806345057
0.81473449
0.840695534
0.860246747
0.8666485
0.884503826
0.907210478
0.923593421
0.922565774
0.898439256
0.871628033
0.870358983
0.899480006
0.930213835
0.936045996
0.923375387
0.913099847
0.917234526
0.929025416
0.939726299
0.945560258
0.947783176
0.948644364
0.95073565
0.956226899
0.958552753
0.952216219
0.93997713
0.930416362
0.933988303
0.952171022
0.966606753
0.955702298
0.931817009
0.92336837
0.930106754
0.921631129
0.911319301
0.907246333
0.91081953
0.922774175
0.937751943
0.942693114
0.934720996
0.922727256
0.916958999
0.926905884
0.926911144
0.903248042
0.874497818
0.861098089
0.877133202
0.89588312
0.891667879
0.875541893
0.863376436
0.858379997
0.853628645
0.844422405
0.834906688
0.83139246
0.834096224
0.836194568
0.832243252
0.825626707
0.823177916
0.824609499
0.823063533
0.817728499
0.811043371
0.807065589
0.809323212
0.816178827
0.820068722
0.818648185
0.814229236
0.808111204
0.799696027
0.796240933
0.799589565
0.803249907
0.80184746
0.799802749
0.800183388
0.804437155
0.813946498
0.827031162
0.819805138
0.809384473
0.822367827
0.84669081
0.86441348
0.870466949
0.871285096
0.871593108
0.867495327
0.853524312
0.849806773
0.865573077
0.872243325
0.869345699
0.866442727
0.869331725
0.873243324
0.873002793
0.868686337
0.863667345
0.860978301
0.862653985
0.870790984
0.883117785
0.892934853
0.896442551
0.901179544
0.909936572
0.917462692
0.910323752
0.881256497
0.860745864
0.859969649
0.875545099
0.897158732
0.913471405
0.912606104
0.900969742
0.891873561
0.889861077
0.898549241
0.915827351
0.93364375
0.944362624
0.93950942
0.911424221
0.881543016
0.876450639
0.887131803
0.904158694
0.918694035
0.92463958
0.923041191
0.917441113
0.911531838
0.909008815
0.91165363
0.913986796
0.907517724
0.893570769
0.884420569
0.887408176
0.886985821
0.884235862
0.88376953
0.886787528
0.893034715
0.89383427
0.890074248
0.8864245
0.884085464
0.883672834
0.885273657
0.888821308
0.894375697
0.902000109
0.91086533
0.898947418
0.87358056
0.875830404
0.897336621
0.912009887
0.911336466
0.907405624
0.902552447
0.898008703
0.894780506
0.893067539
0.891399688
0.888422767
0.88459907
0.88164994
0.880743145
0.881120264
0.88170241
0.88262213
0.88535383
0.889873595
0.889219101
0.883271725
0.874564725
0.865699603
0.859164699
0.856366875
0.858153628
0.865430344
0.879060943
0.897737743
0.891956899
0.865207807
0.850039225
0.845572728
0.838610427
0.852554466
0.893410796
0.906714496
0.892133793
0.869246178
0.852863124
0.845018019
0.845383761
0.850082906
0.853106167
0.850816266
0.847168596
0.847892104
0.855123532
0.867181166
0.8824985
0.898643485
0.907178218
0.903715628
0.890780314
0.872155791
0.856037601
0.85283745
0.865206879
0.879545872
0.881886362
0.87322843
0.86884668
0.879898269
0.898314947
0.91222887
0.903603083
0.885840044
0.891418009
0.91311518
0.931303029
0.928055538
0.912426521
0.915051091
0.931257239
0.939374155
0.929629199
0.918077606
0.922617391
0.939669491
0.950267206
0.943131964
0.932082457
0.931215148
0.942096135
0.953634723
0.956701167
0.955257169
0.952319837
0.949412596
0.947965091
0.949186225
0.952339247
0.955735839
0.957695729
0.956483048
0.950576254
0.943227207
0.937556538
0.934465052
0.93475127
0.939047153
0.944782917
0.946120152
0.938904877
0.928164111
0.922104797
0.924399389
0.931127932
0.937481864
0.937431232
0.924348837
0.900980051
0.886577985
0.890975269
0.908762428
0.923376005
0.923365941
0.914440991
0.900440279
0.885381902
0.87437089
0.872454283
0.878998684
0.891128689
0.901595826
0.895363856
0.864328598
0.857440054
0.86497432
0.855053451
0.839519874
0.83667796
0.844276235
0.84637728
0.833865392
0.816829145
0.810205786
0.81776044
0.828651117
0.832731297
0.831074016
0.829129026
0.824539213
0.813622167
0.808539031
0.808865754
0.805705725
0.795995964
0.790497822
0.801597963
0.822729462
0.82976483
0.811226788
0.800615341
0.804575283
0.81779078
0.828687518
0.826554716
0.812641073
0.804989954
0.815071921
0.832799739
0.846044295
0.848431774
0.84513162
0.842947696
0.840814534
0.836294326
0.8275071
0.818536136
0.816592833
0.822364599
0.834497133
0.844610137
0.84511449
0.839444343
0.831581036
0.825615057
0.82312014
0.823417195
0.829390707
0.837999213
0.841842886
0.836528381
0.828004302
0.824117124
0.826308782
0.82943863
0.831416364
0.840405485
0.845589856
0.840524327
0.83170177
0.826402228
0.827091155
0.833773607
0.842831766
0.842384937
0.821897184
0.801713078
0.794281342
0.79573852
0.803369863
0.814606202
0.826919969
0.838249398
0.846848375
0.850927628
0.848619709
0.843329559
0.841652283
0.843824807
0.849534638
0.858492033
0.861309814
0.849126146
0.846995782
0.858739622
0.868505866
0.865377856
0.858965812
0.863051451
0.877852658
0.887727508
0.879984516
0.864870325
0.860914039
0.874369399
0.890086008
0.892351019
0.882007221
0.874333975
0.880107034
0.892537061
0.901477297
0.89123884
0.879042459
0.894332103
0.920956246
0.931565867
0.920328915
0.907922517
0.912778883
0.928321841
0.938108399
0.93030108
0.911772122
0.903171904
0.908301779
0.919228546
0.929442716
0.937656093
0.943594304
0.946452637
0.944849379
0.938009653
0.927957326
0.917471091
0.909319225
0.906262726
0.910465137
0.919979964
0.931118916
0.940186826
0.943488245
0.937771818
0.924898958
0.910003843
0.898278184
0.894914439
0.90467166
0.923390566
0.938484375
0.939895298
0.9313112
0.920576318
0.912108692
0.90537914
0.899853121
0.897531426
0.90156011
0.911900904
0.921722443
0.923874193
0.918260183
0.909670829
0.901986501
0.895830001
0.891175967
0.88801207
0.886326129
0.885890953
0.88563571
0.884718376
0.88267668
0.879345784
0.87475749
0.87079874
0.867352671
0.864052227
0.862427853
0.864110331
0.868789127
0.873748078
0.876107205
0.874236148
0.866965869
0.861926235
0.863349377
0.86570391
0.869118238
0.875647288
0.883153321
0.882778632
0.866981097
0.844929358
0.834351933
0.840339337
0.847529435
0.853686601
0.858242779
0.860633812
0.860368835
0.857673477
0.853962206
0.851029357
0.850855352
0.854803623
0.860562994
0.861303354
0.854560262
0.847313099
0.846872045
0.851295175
0.854029778
0.851793893
0.848340569
0.848844532
0.855197346
0.865854942
0.87761537
0.882754977
0.873218755
0.856848839
0.847594278
0.844718586
0.846379302
0.851040865
0.855239497
0.859134389
0.871254076
0.883173673
0.878940587
0.855957585
0.840156736
0.83564803
0.840294079
0.851021427
0.863765168
0.871528769
0.874361426
0.873835036
0.871481955
0.868646284
0.865942077
0.864870118
0.866763988
0.871951216
0.880191394
0.886894478
0.889867298
0.889546721
0.887024075
0.883502516
0.879554381
0.876542832
0.876380377
0.878744801
0.882434653
0.880651025
0.871333177
0.863322354
0.85789153
0.853018001
0.847942729
0.843241927
0.839419641
0.836312478
0.833379161
0.83023545
0.826960729
0.823703369
0.820585625
0.817706154
0.815388194
0.815235102
0.819304449
0.827486059
0.8364278
0.842940466
0.846657404
0.847755344
0.84616425
0.841784328
0.834365182
0.824196932
0.817622201
0.820538883
0.828274038
0.834638778
0.837681624
0.839897355
0.843746735
0.847891662
0.849595044
0.845621661
0.8367959
0.829049017
0.825446187
0.827322255
0.83201797
0.832896918
0.830934038
0.827974739
0.825893357
0.825659161
0.826425712
0.82987595
0.836056546
0.842600005
0.84783572
0.853680475
0.859433823
0.862611854
0.859372153
0.847047283
0.83621965
0.837715374
0.853941863
0.874076654
0.885945264
0.88535578
0.876274965
0.864107441
0.854924476
0.854932213
0.867584339
0.882707727
0.883943393
0.874518961
0.865299548
0.862276151
0.86268384
0.863058263
0.863059406
0.864529501
0.870408795
0.87989946
0.882847331
0.877209322
0.868380037
0.861240949
0.855582502
0.849868083
0.844562017
0.842435759
0.845853753
0.853855007
0.864092191
0.873752267
0.879236482
0.877367059
0.869437611
0.858453527
0.847411903
0.841224769
0.845420511
0.856388542
0.863126552
0.859736573
0.851532161
0.846529499
0.852405594
0.862040334
0.85789383
0.841884943
0.824734744
0.813306906
0.805662331
0.799477162
0.79547552
0.796099536
0.803262321
0.814488766
0.822342918
0.825294928
0.828274819
0.835971259
0.846259672
0.852522993
0.85200812
0.844866355
0.832620551
0.825022091
0.832291694
0.85537681
0.877096316
0.879911474
0.877748519
0.874064384
0.861573489
0.849440038
0.848101692
0.840706648
0.82639303
0.832247367
0.852811764
0.87128552
0.869941448
0.852469594
0.845447603
0.849934061
0.853522054
0.850308936
0.849920627
0.863267371
0.887489507
0.909450566
0.920129471
0.924026913
0.923823507
0.922945578
0.926519888
0.934452694
0.926567737
0.911696409
0.902015744
0.900174996
0.906733471
0.912834704
0.916636092
0.919496206
0.924185651
0.933504696
0.945536207
0.954365078
0.955297929
0.95009338
0.942309958
0.93085354
0.918852949
0.913738836
0.915354424
0.920967778
0.92740308
0.931300416
0.931070231
0.929725524
0.93272199
0.940460518
0.943843544
0.938688917
0.928702657
0.923500552
0.929418414
0.937485253
0.93510743
0.921199906
0.909283188
0.91143146
0.921348802
0.92504007
0.915859705
0.901224014
0.889918722
0.888056043
0.894835528
0.904428699
0.904086018
0.882836207
0.881404199
0.898829482
0.888005319
0.864079536
0.859086274
0.865217344
0.861439851
0.861651025
0.866623534
0.871021898
0.872242419
0.872154511
0.872829353
0.874053529
0.87417462
0.871492263
0.865450731
0.85808274
0.851745597
0.848799495
0.850978549
0.856939822
0.864395104
0.871064244
0.874675162
0.873300051
0.867706104
0.859914548
0.851952854
0.845857779
0.843545441
0.84527722
0.850139573
0.857202558
0.865548056
0.874049397
0.876853172
0.871533845
0.861889686
0.851865258
0.845381646
0.844485363
0.848283465
0.85562114
0.865341168
0.876224428
0.87031428
0.832446706
0.807844504
0.810766577
0.827636074
0.846545964
0.864087325
0.878647915
0.885942595
0.878544918
0.853032597
0.830729766
0.817925029
0.813100461
0.814193425
0.817953638
0.813563232
0.81200976
0.826827361
0.847411605
0.860169595
0.861340401
0.854278921
0.842371912
0.828946227
0.817337675
0.810919276
0.812926871
0.825230737
0.84220159
0.855493421
0.860866283
0.861119852
0.8597731
0.860372428
0.86639518
0.867308315
0.84749816
0.841306582
0.857103147
0.875999718
0.878414843
0.859275726
0.85096126
0.86708907
0.889286573
0.900289693
0.901792626
0.89798997
0.891581461
0.885247806
0.88168727
0.883303663
0.889001668
0.89623218
0.902497502
0.904937976
0.897312781
0.88405671
0.876558838
0.878385982
0.890592836
0.905551389
0.915304804
0.921132261
0.924501892
0.926874641
0.929931542
0.93418459
0.938007423
0.939673143
0.937507708
0.930916976
0.92271416
0.916504468
0.916029456
0.924888433
0.939963645
0.939847645
0.927579144
0.911364862
0.897800218
0.894583812
0.910469169
0.929163597
0.933219012
0.921311916
0.895753757
0.875349302
0.867969776
0.870257686
0.879334277
0.892456422
0.907813069
0.920616829
0.924507482
0.918403027
0.902888029
0.883460957
0.867797935
0.858318647
0.855571889
0.859143505
0.867415318
0.876192714
0.881209136
0.882301632
0.882346809
0.883258702
0.884163375
0.885232793
0.886896468
0.889580112
0.893492903
0.897649246
0.900649012
0.901090826
0.897572081
0.88867711
0.874985125
0.869041588
0.878882673
0.891140189
0.890339329
0.877935398
0.868774814
0.873213821
0.883317071
0.887162653
0.882408291
0.877921284
0.881498628
0.890707283
0.899389121
0.903581168
0.903272028
0.899112698
0.892645523
0.885921705
0.880861007
0.879010894
0.881763743
0.888757827
0.898178783
0.907207834
0.910999842
0.909148032
0.903114146
0.895518431
0.888985324
0.885626516
0.887323617
0.894105038
0.9025956
0.909663529
0.917615065
0.925304057
0.928588691
0.923320204
0.905864847
0.882550484
0.868699762
0.875618163
0.895631311
0.91606479
0.929660969
0.936794722
0.938797868
0.937013136
0.932793082
0.92750566
0.922526974
0.919058582
0.916435979
0.912846952
0.906870745
0.898619993
0.888977617
0.88136496
0.881213607
0.892061949
0.908522576
0.922556509
0.925833898
0.909588
0.870914373
0.842553167
0.832862983
0.836810685
0.849354861
0.865246437
0.877550254
0.882754761
0.880661756
0.874622936
0.868711908
0.864912105
0.862973804
0.86252467
0.863223042
0.864784247
0.866956396
0.868039101
0.865250003
0.860018218
0.855904852
0.855271653
0.857595441
0.861741677
0.864108948
0.859227472
0.850038857
0.855610886
0.861572365
0.859272839
0.851302508
0.840945162
0.833451988
0.834724159
0.844575763
0.852961317
0.850488393
0.841594483
0.838013801
0.845535645
0.855318749
0.857103175
0.852056785
0.850143027
0.858359282
0.871703445
0.882021986
0.873395131
0.853988272
0.853674484
0.868875095
0.883448828
0.882994147
0.873437429
0.879146415
0.895236437
0.899950275
0.884373717
0.868609471
0.868297444
0.882827033
0.898959673
0.902006486
0.885669513
0.876560707
0.886491928
0.901995337
0.911252271
0.919918307
0.927879463
0.931318459
0.926354151
0.910220987
0.891791172
0.88682877
0.903288397
0.926928543
0.940394063
0.940351949
0.93313483
0.923656822
0.916750701
0.91707148
0.924663943
0.935003663
0.944235096
0.946616299
0.93568194
0.918966036
0.914497998
0.920178519
0.932314716
0.947222392
0.958512374
0.958878161
0.953381782
0.943640744
0.925969512
0.900663091
0.886825331
0.903385903
0.941879412
0.957182511
0.922098927
0.925354699
0.950089571
0.951960028
0.937923839
0.921021341
0.908047514
0.901856756
0.903810006
0.909415973
0.913359283
0.920622984
0.93208155
0.93815814
0.928965077
0.895129228
0.858330223
0.848085584
0.855644845
0.870207188
0.880971423
0.885795931
0.890112626
0.884297316
0.870104203
0.85878472
0.858032504
0.862463317
0.864062349
0.860023991
0.853211459
0.846749685
0.843236254
0.844997538
0.850757586
0.85349692
0.84694371
0.835748345
0.830137694
0.835523704
0.84567875
0.853154952
0.856300459
0.853444561
0.843246538
0.831842078
0.826578296
0.829524358
0.836890988
0.844637314
0.848838977
0.84573227
0.835362178
0.824103308
0.818325243
0.818957609
0.823970899
0.832591692
0.84402292
0.852215492
0.853711381
0.84761824
0.835230961
0.826376113
0.832656843
0.852161439
0.86674306
0.861364011
0.846804788
0.84510902
0.863576222
0.882402039
0.881568798
0.867989739
0.864449761
0.882433489
0.902093175
0.899744651
0.878308282
0.864056094
0.876470106
0.902809779
0.922075951
0.924821747
0.916607964
0.903998048
0.893555027
0.891816236
0.902195527
0.920130511
0.937702657
0.946839476
0.939487326
0.913199628
0.882226494
0.863435443
0.863725648
0.880640475
0.907606892
0.927896483
0.93484443
0.928619662
0.915662804
0.902367618
0.890934511
0.881730329
0.875180966
0.871775489
0.873295154
0.891583803
0.90487098
0.886962534
0.861025751
0.858117623
0.87060563
0.879112913
0.88272787
0.880968859
0.873448484
0.863598915
0.857440909
0.857788091
0.86355689
0.871892585
0.878847131
0.877921006
0.863221598
0.841588147
0.829081284
0.834946863
0.846303028
0.851519778
0.848168708
0.842603576
0.840508413
0.841602207
0.843583365
0.843574163
0.837761165
0.823335529
0.806651165
0.794824608
0.791294841
0.794404844
0.801558611
0.807697773
0.811732491
0.815834701
0.822197141
0.832518398
0.836688381
0.829911101
0.82147162
0.815872961
0.815516909
0.820612374
0.827798953
0.83360819
0.83731127
0.839919989
0.842045623
0.843057894
0.842402157
0.840730505
0.839526666
0.839434113
0.838888498
0.837935918
0.83758159
0.839564859
0.844802662
0.84994725
0.853611263
0.855586611
0.855922895
0.854882253
0.853959841
0.858993523
0.873223294
0.888493277
0.895229542
0.893111354
0.889796482
0.890951043
0.893788356
0.893797718
0.883652338
0.874048464
0.8883365
0.9178452
0.940749067
0.944766981
0.935499897
0.920556014
0.907570237
0.904173992
0.913994047
0.929646714
0.942745531
0.947975375
0.94279954
0.927049068
0.910606468
0.906131873
0.917395883
0.9360798
0.953246234
0.961946206
0.963014478
0.959452945
0.954210919
0.950084061
0.949035885
0.952741465
0.961552362
0.971085939
0.976227514
0.975508519
0.970901706
0.964498293
0.958375857
0.954581925
0.953943866
0.95552905
0.958250649
0.960875233
0.96209983
0.961261045
0.959098049
0.956546251
0.954551486
0.954059755
0.954456581
0.949937855
0.933936716
0.908409978
0.88437948
0.871525085
0.869648255
0.875252884
0.884803489
0.894759654
0.901847916
0.904950357
0.904056736
0.89919965
0.890416212
0.877872236
0.864278667
0.854437244
0.85145977
0.851947873
0.851425147
0.859808627
0.874952013
0.875497723
0.865292007
0.857479049
0.857900824
0.858607154
0.852175776
0.841119629
0.832726
0.831491169
0.835173341
0.840701
0.845077702
0.845059551
0.840349292
0.839522227
0.840711909
0.839264414
0.830337505
0.8117138
0.795326157
0.791988125
0.804126183
0.822783629
0.836975639
0.832452866
0.825026513
0.833340493
0.847614634
0.854120891
0.849850948
0.841385826
0.835340456
0.83604805
0.847005092
0.861511275
0.873717185
0.888775161
0.899366201
0.893208144
0.869205033
0.846130255
0.843181731
0.859710782
0.882880255
0.89942485
0.9019575
0.896012969
0.888603967
0.886734237
0.893197619
0.89710029
0.897975115
0.898284381
0.900503368
0.905412539
0.904906977
0.900778118
0.897735446
0.897435025
0.9003659
0.899326577
0.89660289
0.898844938
0.903043176
0.904527308
0.899107815
0.890988319
0.888830662
0.892127006
0.897537438
0.90053938
0.90006439
0.900364073
0.901775735
0.902526638
0.900848924
0.89591072
0.888317644
0.880292716
0.875087353
0.872419925
0.86644615
0.862583534
0.863678552
0.867350992
0.871128128
0.873859893
0.874830994
0.873759316
0.871033017
0.867384608
0.865221445
0.86414992
0.862419211
0.858296924
0.850455896
0.843029484
0.846192876
0.864475387
0.87798294
0.863002097
0.838906218
0.831054022
0.833330295
0.838629742
0.839714534
0.838463512
0.842892911
0.850993994
0.857208259
0.856065547
0.846919642
0.837142455
0.835700448
0.84077559
0.841222646
0.832153558
0.825597717
0.822655742
0.822867585
0.827013393
0.834650268
0.839756373
0.841838861
0.842436349
0.843085336
0.844467763
0.841068187
0.8343072
0.829072249
0.828146316
0.833719757
0.843452559
0.85324847
0.860162754
0.861340069
0.85419746
0.84201185
0.835185693
0.842159597
0.855973794
0.863567138
0.858921588
0.849997283
0.846578223
0.8498754
0.855832776
0.860577574
0.862694512
0.864192794
0.867447808
0.874833738
0.881627343
0.869726804
0.863252047
0.875423819
0.892673314
0.899917129
0.889768278
0.879538796
0.8828051
0.892178389
0.898503838
0.901433428
0.902038329
0.900127699
0.897047204
0.894350423
0.893472092
0.895722772
0.901787713
0.909848676
0.917559002
0.921290986
0.919394474
0.914375468
0.909735653
0.909429699
0.914105596
0.918308281
0.917349594
0.9119309
0.905707812
0.901477338
0.899259674
0.898600769
0.899118461
0.900412878
0.902369372
0.905304086
0.905570022
0.902355243
0.899511351
0.901156203
0.908242431
0.90396245
0.879632613
0.858541575
0.86357138
0.860739194
0.851190592
0.862774407
0.873390359
0.853146509
0.841162697
0.858851597
0.864316677
0.853561227
0.836481735
0.824048998
0.821465011
0.825613369
0.832985231
0.840137357
0.844423097
0.845056043
0.841550126
0.833889301
0.822420973
0.808523531
0.796980087
0.792207247
0.79438167
0.798835126
0.80166387
0.804419671
0.807533564
0.810562682
0.813086169
0.814698449
0.81477294
0.812575768
0.808307827
0.804662911
0.804445917
0.80462565
0.80329013
0.80234399
0.80464532
0.813392286
0.82963734
0.845920659
0.851636952
0.846287561
0.833422594
0.818094062
0.809145397
0.816848267
0.836240613
0.852974608
0.860020216
0.865658627
0.870732678
0.874259936
0.874679137
0.871060663
0.865318918
0.859824278
0.85692683
0.859024268
0.867884276
0.88082079
0.893270894
0.900705847
0.898638774
0.883690677
0.865124507
0.860318276
0.877879022
0.899767625
0.903982151
0.88939335
0.874706426
0.874918058
0.884023857
0.890194379
0.894195718
0.903325642
0.914135542
0.919241932
0.90983341
0.884564486
0.860528351
0.859270305
0.878358341
0.89887316
0.906659728
0.904508623
0.899922363
0.89698311
0.895722835
0.895890869
0.897195822
0.899334392
0.901010066
0.899445902
0.892251578
0.880915234
0.868791582
0.859279158
0.855860616
0.861306378
0.869252465
0.870075752
0.860160398
0.85111227
0.85687962
0.868252812
0.868415406
0.856611305
0.843049681
0.8408883
0.847958605
0.848470484
0.839676792
0.829253175
0.829367661
0.842770106
0.852658325
0.845265488
0.825600898
0.812974934
0.817979555
0.824636312
0.829517888
0.832331822
0.832848407
0.831060404
0.827957229
0.824866091
0.823208111
0.824581115
0.82985
0.833913352
0.83519418
0.83486449
0.834108169
0.834044002
0.834891539
0.836170155
0.837422309
0.838231292
0.838188898
0.837133654
0.835252221
0.832823564
0.83021876
0.827872052
0.828091345
0.834353401
0.847016763
0.85744659
0.851307505
0.827250909
0.812677212
0.818546041
0.840436633
0.863876462
0.872657708
0.857300429
0.848734898
0.861516198
0.879149477
0.883473894
0.866582479
0.855232063
0.868273938
0.891236141
0.905799197
0.897965971
0.886654275
0.893927219
0.90935176
0.91631617
0.902215608
0.886203113
0.897284632
0.92070746
0.93071387
0.920413933
0.910868827
0.921791307
0.943175567
0.952000162
0.939876724
0.925747835
0.924116626
0.933902699
0.943862201
0.946578122
0.946402095
0.949797527
0.957204518
0.963053393
0.963781389
0.963902459
0.962316247
0.958609793
0.956347646
0.958625084
0.961347045
0.962382564
0.961027536
0.955625842
0.944661815
0.930270085
0.917204599
0.909742046
0.910313587
0.920748956
0.936654931
0.94820031
0.947910877
0.93777167
0.922827091
0.905296281
0.88648823
0.870864672
0.862961086
0.867266537
0.883645362
0.901030437
0.907487234
0.901564213
0.889873499
0.878175428
0.867272617
0.854513698
0.841967348
0.837525956
0.846313947
0.857685895
0.860360159
0.849008735
0.826364726
0.796926583
0.773860611
0.771311068
0.792188111
0.81434946
0.813714057
0.797713765
0.783720818
0.778869878
0.782468703
0.791646787
0.799741141
0.803514462
0.806554796
0.809361193
0.810942603
0.810911829
0.810094075
0.809334901
0.808842173
0.808649843
0.809354987
0.812542265
0.819682582
0.829158194
0.836777611
0.840261193
0.843508024
0.846687842
0.848559488
0.847410586
0.841855327
0.833420776
0.826876084
0.826310961
0.833509935
0.848620319
0.858922946
0.862059264
0.863357158
0.866358902
0.87334288
0.868321812
0.853878717
0.851269406
0.858515873
0.867028198
0.868451924
0.865795601
0.871403255
0.880904113
0.881433498
0.876461671
0.883630651
0.888387559
0.888641588
0.891164575
0.894438159
0.885172014
0.876438592
0.875357005
0.879302387
0.885384728
0.891592125
0.89642819
0.898493392
0.896405167
0.889435041
0.882359375
0.882677519
0.892429145
0.902016298
0.901251204
0.888382837
0.873991888
0.868453567
0.870283997
0.876043999
0.887517011
0.902100386
0.91134081
0.914074762
0.911800737
0.906368253
0.899656088
0.893479392
0.889946576
0.891365918
0.89769115
0.903776372
0.904932519
0.901116741
0.895737496
0.891548823
0.888446047
0.885717267
0.88403828
0.885721976
0.89086651
0.890357585
0.88738485
0.886749356
0.888865116
0.893439426
0.898286954
0.900208213
0.898221262
0.897473236
0.903771232
0.911823911
0.916897117
0.919669721
0.920851437
0.921098189
0.92054329
0.918872479
0.915903267
0.912235388
0.909153345
0.907632247
0.906763657
0.904954758
0.902127347
0.899102193
0.89705628
0.897864709
0.903043752
0.912498835
0.924731848
0.935658949
0.936145002
0.929155526
0.921137952
0.919779027
0.928883505
0.933101321
0.931418504
0.927641918
0.921956112
0.914968674
0.907460366
0.899686823
0.892039438
0.885395543
0.880144768
0.872382031
0.861430876
0.850783802
0.84393372
0.844156782
0.849240426
0.849971292
0.838973853
0.823813046
0.818388539
0.827144003
0.835972845
0.830524472
0.817041001
0.815191123
0.834808716
0.857108143
0.862711259
0.850879849
0.838823736
0.840758766
0.851015679
0.857893698
0.855713414
0.847587932
0.837130182
0.826443963
0.816928524
0.809965822
0.806901673
0.808740192
0.81308681
0.815491242
0.813478669
0.811582693
0.81606755
0.821166049
0.817897961
0.8056593
0.790706328
0.781451981
0.781930801
0.789111355
0.799068961
0.805957862
0.80296801
0.788839734
0.775369282
0.775491507
0.788488893
0.803591604
0.80937137
0.802551989
0.804524328
0.820113542
0.831533066
0.82432486
0.809276216
0.805777071
0.819918013
0.835751368
0.837235196
0.827295029
0.821740222
0.829579658
0.840168603
0.840887215
0.834861805
0.833077823
0.841798016
0.856113601
0.868805139
0.876689435
0.883082354
0.892746845
0.905589111
0.91943598
0.914728307
0.888774008
0.890139545
0.91772372
0.939824234
0.935733897
0.91728224
0.905020494
0.907742084
0.923761774
0.94565517
0.955293874
0.958321929
0.958017927
0.948728471
0.928528449
0.915045241
0.912556409
0.91820096
0.927350203
0.934997247
0.934983919
0.930375488
0.928377513
0.932138637
0.942805445
0.935257311
0.912684691
0.9055582
0.9120592
0.921415404
0.924945593
0.924797911
0.930107909
0.940252668
0.95028477
0.951904178
0.941099071
0.928844466
0.922095926
0.924740505
0.937309466
0.949085537
0.947926678
0.935509235
0.926404529
0.930120559
0.933885072
0.925944011
0.90653315
0.89078229
0.892223731
0.904173462
0.910850815
0.904066646
0.891554214
0.882597304
0.879642827
0.880348367
0.882257326
0.882839774
0.879546659
0.872719434
0.866736425
0.866228374
0.872136984
0.88413353
0.89965761
0.912551546
0.91641602
0.905790089
0.87581352
0.853074044
0.872570686
0.879859846
0.862418092
0.844706832
0.843693137
0.847038558
0.836710271
0.813714931
0.799583424
0.808990001
0.821127498
0.82975888
0.835259019
0.837795511
0.835533976
0.81915963
0.800171103
0.792479911
0.795180079
0.805178494
0.819407123
0.834829555
0.849012314
0.861723706
0.873218909
0.883500988
0.892300638
0.899345389
0.90438529
0.907199678
0.907600556
0.905432196
0.900573662
0.892994447
0.882705266
0.870308286
0.858030003
0.848363014
0.843242751
0.844097391
0.851303807
0.861120964
0.868951016
0.874687704
0.883684033
0.899953179
0.917508043
0.929347903
0.931353904
0.923417957
0.907079843
0.893077585
0.891807237
0.906971985
0.929532918
0.948463603
0.9592557
0.963203058
0.962020552
0.958114078
0.953997041
0.950315259
0.947271053
0.946568445
0.948532314
0.952881452
0.959467228
0.967237755
0.973556748
0.97567565
0.970839525
0.958554255
0.945111003
0.937846652
0.938676677
0.94431887
0.951562598
0.958641489
0.964265677
0.967447317
0.967541601
0.964505771
0.962134177
0.961484868
0.962089144
0.963444479
0.965016376
0.966150778
0.966141203
0.964775042
0.963363011
0.963378192
0.963375407
0.961958355
0.959820795
0.957696128
0.956227478
0.956241132
0.95523574
0.947475976
0.937262029
0.933962039
0.940565041
0.945508851
0.93639265
0.916976268
0.902833008
0.903773536
0.908811056
0.903047754
0.886036882
0.872961554
0.875770411
0.884560694
0.88224013
0.865388341
0.852709067
0.85767738
0.845281152
0.83540518
0.854998393
0.874238657
0.860731624
0.856619284
0.866082238
0.853190946
0.83147493
0.825456562
0.834628128
0.839872421
0.83182942
0.817924176
0.811487633
0.816571227
0.821505049
0.814765822
0.801257485
0.795195243
0.800815046
0.805271635
0.807907782
0.809732348
0.811787371
0.814251749
0.814816495
0.813090367
0.808606587
0.800171108
0.787652717
0.778894277
0.776149697
0.778475628
0.78455756
0.792905159
0.80060499
0.805450641
0.806444807
0.804047923
0.799053265
0.793183218
0.788919778
0.788008241
0.789263243
0.790864563
0.791009483
0.789525529
0.787804396
0.786966838
0.787946921
0.786546061
0.779428461
0.776402926
0.779265842
0.783874249
0.784561139
0.778956346
0.781264803
0.793600995
0.804662756
0.807292436
0.807024301
0.810900507
0.819987702
0.827264325
0.826864419
0.822027957
0.820189336
0.824835825
0.831009579
0.833925853
0.83639915
0.842087008
0.851140213
0.857670053
0.855034285
0.844737519
0.836223224
0.836817518
0.841789856
0.842469174
0.837492747
0.834392984
0.835254223
0.838737065
0.842277378
0.844120358
0.844103878
0.842416407
0.842071961
0.848376217
0.853413639
0.83383848
0.827368991
0.848810777
0.878445816
0.898051453
0.904777922
0.900853507
0.890049095
0.878931991
0.873489033
0.871486209
0.870908542
0.871661937
0.874120142
0.878558219
0.88307203
0.884824542
0.882357147
0.878180809
0.875947455
0.876905634
0.879238198
0.880967447
0.880187089
0.874965134
0.86811175
0.865454606
0.866552085
0.870378047
0.875862823
0.882067175
0.888337372
0.894140713
0.899751205
0.906071239
0.902371141
0.865037571
0.844963181
0.863838298
0.891170965
0.898290379
0.888766182
0.878939729
0.878905956
0.88793952
0.9039152
0.916512408
0.918934295
0.910299445
0.89671646
0.885393131
0.875595395
0.866764672
0.862788209
0.868399901
0.888387579
0.913599084
0.929779331
0.933844059
0.925021395
0.903114574
0.876940497
0.863080509
0.864243835
0.876873646
0.894443544
0.905589028
0.90099768
0.900347222
0.910159491
0.921568047
0.923150506
0.905862835
0.897036343
0.909434731
0.925755121
0.929121322
0.921626092
0.913689252
0.91169056
0.913481275
0.915985976
0.917712005
0.918823514
0.919817228
0.921201086
0.92343684
0.926087158
0.927973745
0.92800505
0.92510339
0.918182719
0.910634316
0.907560789
0.908893916
0.913564794
0.920087557
0.924152626
0.921149813
0.914130138
0.907719063
0.907252691
0.915156682
0.924846316
0.930038648
0.928337541
0.921190568
0.910412501
0.899568467
0.895784387
0.901802822
0.912376297
0.921200935
0.921040843
0.91399179
0.905067834
0.897614437
0.895118791
0.90756808
0.918909847
0.905847536
0.879449676
0.857388083
0.857971441
0.875632324
0.887342338
0.890842495
0.890901774
0.88963175
0.884656173
0.874960265
0.865889191
0.86663409
0.879933411
0.893186118
0.897457301
0.892550285
0.884878353
0.87974506
0.877623916
0.878364971
0.881563092
0.886226365
0.889851278
0.885513943
0.880373352
0.880898302
0.883574767
0.883943103
0.8790911
0.874577914
0.875748411
0.878258853
0.876797903
0.871919494
0.869117601
0.872292048
0.877315175
0.878386154
0.874385684
0.869790301
0.868719486
0.869858106
0.869816037
0.862882888
0.848383926
0.838375745
0.837255349
0.843630497
0.853314116
0.859184005
0.862939609
0.863487383
0.856054535
0.838774928
0.819259966
0.807303969
0.807868908
0.819477589
0.835031579
0.826436756
0.817419308
0.830120193
0.845151835
0.840646036
0.82175487
0.808405194
0.813052339
0.828791067
0.845263364
0.856248409
0.859530788
0.853850986
0.842015885
0.828348455
0.820125298
0.821749731
0.831060085
0.842033055
0.846763589
0.84212579
0.835709503
0.837414975
0.847033328
0.857241472
0.859353522
0.850221467
0.847097943
0.856265386
0.869714224
0.876417184
0.864592501
0.858485409
0.872393982
0.892148565
0.900906599
0.886501611
0.873116484
0.882477122
0.901545113
0.912529112
0.902629916
0.885211053
0.879701891
0.882029286
0.882997423
0.883952855
0.889481709
0.897649771
0.906681355
0.914731186
0.920492911
0.923746442
0.924904863
0.924391579
0.922529996
0.92035003
0.91959352
0.919745847
0.920040944
0.919588167
0.917772496
0.916226538
0.91768952
0.921631826
0.923054396
0.918453498
0.91376866
0.911578425
0.912480845
0.916982957
0.925016883
0.931351268
0.927880664
0.91158299
0.892826255
0.883931526
0.891395175
0.901318033
0.896718396
0.88821819
0.892593884
0.893827356
0.883037105
0.88761979
0.899105502
0.894272331
0.885552898
0.898888232
0.899604602
0.88386216
0.869059585
0.867259596
0.873342794
0.88072319
0.885674966
0.886798727
0.883427109
0.877799864
0.872950628
0.871742088
0.876788975
0.888849628
0.898582752
0.901319667
0.89667617
0.887407462
0.876605964
0.867072728
0.861418549
0.860803235
0.861984896
0.860665541
0.858563365
0.853733444
0.838870492
0.821335019
0.812736708
0.817284841
0.829008237
0.841660578
0.851171624
0.854393139
0.849839275
0.839516073
0.825885365
0.811434997
0.798689517
0.7902095
0.787288057
0.788392477
0.791594595
0.794938132
0.795533099
0.78842617
0.775781787
0.761554459
0.74967547
0.743740937
0.745101231
0.754144664
0.769877431
0.787818383
0.803084271
0.813233264
0.817765781
0.816421184
0.809070525
0.795781084
0.783685698
0.783481684
0.800695203
0.821729688
0.828793425
0.815130431
0.798732003
0.805858676
0.831543444
0.854755565
0.853491614
0.829511114
0.828040171
0.854293907
0.878712662
0.879736615
0.867352122
0.864285317
0.876374342
0.889098985
0.889819961
0.882123528
0.881310503
0.893646466
0.907141227
0.909631922
0.902156654
0.893008863
0.889336516
0.894947536
0.911719442
0.923945592
0.924170176
0.918316357
0.912347227
0.912054156
0.918651283
0.927722197
0.934647277
0.935712445
0.927616069
0.911558226
0.89699485
0.893335462
0.899925888
0.910007629
0.915819437
0.912200287
0.903535011
0.895335434
0.893121479
0.897260618
0.893578479
0.884742233
0.876408067
0.872640447
0.876329596
0.883355297
0.887866949
0.8870709
0.883387508
0.879075211
0.869939958
0.85957336
0.855230467
0.857387665
0.864989175
0.875345124
0.884808776
0.890115204
0.888192901
0.876138561
0.857089023
0.842398444
0.842059337
0.853045862
0.866422719
0.87283105
0.868130555
0.857165115
0.846543389
0.84365184
0.851393163
0.861522506
0.870895846
0.877434848
0.879117115
0.874369097
0.864806691
0.856609385
0.853463323
0.853950315
0.857098992
0.866641454
0.876859361
0.882091146
0.885038492
0.889545135
0.897479946
0.907097745
0.914841627
0.913285747
0.895078077
0.878053167
0.87984863
0.89579797
0.912441621
0.914044253
0.89836017
0.884667254
0.891660469
0.9132655
0.931356852
0.935433298
0.93209055
0.93014758
0.930407209
0.927783029
0.919516173
0.908754216
0.898388969
0.894202432
0.905590314
0.933325422
0.941892636
0.93692158
0.93207067
0.929064107
0.928837894
0.93138662
0.936058205
0.941071172
0.941176338
0.9316526
0.923604672
0.923910925
0.929316997
0.93641886
0.941658414
0.94099073
0.936080604
0.932750554
0.932307202
0.935247828
0.942936951
0.948716489
0.938549179
0.915488132
0.891176932
0.874605111
0.869425293
0.876234221
0.891084689
0.906530952
0.916162809
0.919131292
0.917414082
0.913270595
0.908683154
0.905827668
0.910359415
0.915764051
0.914063734
0.904334022
0.887155674
0.869585253
0.862787766
0.873142096
0.892395261
0.909546258
0.919456264
0.921090188
0.913217072
0.894298356
0.859632462
0.844357381
0.87097199
0.886345789
0.885045628
0.880199135
0.880017372
0.881796065
0.881533386
0.879187652
0.878601201
0.882133134
0.88604045
0.890276884
0.892698798
0.888320657
0.874631398
0.862504597
0.867023294
0.888502212
0.905390834
0.898692079
0.880222544
0.876271614
0.89741871
0.918412396
0.912208516
0.894626216
0.888384131
0.898861323
0.91303608
0.915490862
0.905033472
0.895428591
0.898719455
0.908181055
0.911816577
0.905789531
0.897429735
0.89442924
0.898095612
0.907359946
0.917981329
0.921877913
0.918364329
0.910275731
0.902737102
0.899668703
0.899630813
0.899984543
0.899291397
0.897409133
0.894393924
0.891116695
0.888737862
0.888184369
0.889984294
0.893914633
0.894555264
0.891144718
0.885923045
0.881143802
0.878963533
0.88002186
0.882527759
0.884579128
0.88686771
0.890735141
0.896001905
0.900578939
0.902246039
0.898781325
0.888020706
0.872350605
0.862288763
0.867776825
0.884062164
0.897722676
0.898823579
0.889947451
0.880212779
0.874666513
0.874532244
0.880679514
0.891886931
0.906436711
0.917342183
0.910643645
0.879421315
0.855967834
0.850019407
0.858383177
0.874994727
0.89318065
0.905299922
0.914042336
0.922782353
0.920563195
0.895426049
0.867396545
0.854803138
0.855362329
0.866401966
0.88510893
0.902170975
0.910355936
0.913471456
0.912928154
0.908920773
0.898140722
0.880905981
0.875707411
0.884798156
0.897758884
0.90583743
0.904207908
0.898632884
0.894627701
0.895651141
0.905413331
0.914061922
0.909672419
0.893286359
0.881319777
0.889370697
0.908388122
0.919436132
0.914110562
0.905321096
0.907473983
0.917312706
0.919162241
0.903785099
0.88433225
0.878260807
0.887707979
0.898431182
0.898625516
0.892964909
0.891396518
0.896718796
0.900320154
0.893887664
0.881067753
0.87141841
0.869702725
0.869932298
0.865509135
0.857778422
0.854610532
0.861280165
0.86999699
0.869903571
0.86082686
0.853657092
0.85778248
0.867933846
0.866627271
0.848656946
0.830699367
0.829576731
0.844237864
0.863819862
0.877281166
0.873222598
0.842309474
0.808515933
0.789830434
0.784259084
0.78948411
0.803290477
0.821299614
0.838618595
0.852454023
0.861560038
0.865267727
0.863817796
0.859059446
0.853015604
0.847709206
0.845120843
0.844823038
0.84396042
0.845447157
0.852966342
0.87052043
0.873971869