0.811745524
0.79949431
0.788267849
0.783104124
0.780516699
0.781843029
0.786140561
0.789842863
0.790371977
0.790101833
0.789688215
0.789571792
0.791628322
0.794865457
0.797468515
0.805570394
0.819644881
0.832143588
0.838221453
0.843035436
0.848543672
0.854056867
0.858846655
0.862184673
0.864348401
0.863668808
0.850211799
0.841749339
0.858681538
0.89414498
0.918866847
0.911660056
0.890210797
0.875489324
0.877242412
0.899703151
0.926889977
0.940435196
0.93658716
0.925864544
0.916241364
0.928067932
0.95245045
0.97043217
0.96877136
0.955170575
0.941906819
0.940204152
0.956382604
0.976401663
0.984094373
0.982504749
0.974065405
0.967980764
0.970522315
0.980012184
0.990090759
0.9952035
0.99714369
0.996142307
0.99160583
0.985585094
0.980497635
0.978535292
0.984294689
0.994083656
1
0.998486282
0.994694491
0.990476308
0.986998338
0.982974784
0.978628129
0.974427879
0.97084354
0.968344617
0.967457777
0.973795514
0.969499672
0.960625044
0.949900113
0.940040128
0.933760335
0.935476284
0.941531248
0.941041463
0.939272124
0.940959267
0.943797175
0.943976245
0.939820996
0.933708141
0.927970216
0.920504643
0.906589089
0.895404521
0.896264329
0.904846993
0.912170549
0.913691092
0.911379574
0.908782964
0.90758708
0.911963119
0.910684184
0.907637302
0.903809445
0.900014064
0.89706461
0.895560959
0.89437892
0.893356203
0.892671422
0.892503195
0.893030135
0.89443086
0.898462993
0.895193572
0.88780993
0.889818726
0.896621627
0.904327624
0.909577474
0.908612237
0.904464738
0.900666804
0.897741326
0.895323967
0.893846149
0.894654496
0.890749082
0.88444239
0.877567551
0.871635738
0.868158121
0.877948216
0.914168743
0.912859081
0.911579687
0.911631533
0.9127241
0.914591122
0.917648205
0.921694739
0.924795361
0.922011386
0.905643175
0.887632071
0.88210521
0.886287807
0.887330792
0.889416352
0.894880567
0.90202767
0.906622882
0.901032484
0.88249798
0.866099864
0.865629324
0.875881631
0.888479117
0.896579611
0.898413035
0.894715397
0.893433605
0.897626504
0.904922183
0.912271479
0.917873178
0.917392995
0.910640015
0.908690439
0.914499454
0.921860732
0.924243918
0.922616571
0.920378698
0.918553669
0.919201177
0.922640293
0.926233532
0.928455867
0.925810208
0.917605952
0.913693023
0.914290665
0.916489075
0.918306934
0.915806652
0.905974556
0.894601379
0.889088728
0.888211307
0.889610792
0.891955211
0.897642814
0.905735513
0.914776787
0.923295489
0.929820472
0.932885528
0.932768899
0.930225418
0.924972666
0.916248382
0.905198118
0.896063282
0.892481347
0.894023908
0.902918414
0.915523293
0.926050217
0.932819241
0.93539128
0.936410664
0.928984761
0.918098199
0.906301931
0.896095215
0.889977311
0.889960115
0.893666457
0.898563256
0.902895156
0.915001656
0.931040003
0.94039884
0.930951408
0.937158212
0.945988841
0.94830095
0.948031007
0.946904189
0.9453642
0.938939009
0.931237833
0.927580848
0.925718738
0.924896877
0.928033289
0.934975956
0.94160955
0.947798024
0.949863153
0.944590036
0.938094533
0.937054246
0.939087003
0.938333905
0.93433374
0.924049659
0.91106476
0.902073027
0.926504912
0.941825029
0.953434556
0.958000782
0.957977988
0.955121613
0.947554951
0.93211213
0.935770661
0.936112483
0.928992925
0.921014598
0.914826655
0.917495423
0.913555786
0.903269977
0.903303043
0.915886086
0.929400433
0.932245397
0.928038742
0.921636749
0.914272434
0.907178813
0.901588904
0.898735724
0.901724447
0.9064951
0.910776455
0.91341114
0.915244508
0.916662567
0.917991046
0.919597523
0.917258698
0.915743485
0.915562091
0.915957537
0.916961771
0.918621846
0.920748293
0.922837042
0.923885028
0.920417301
0.914223364
0.908127496
0.900591192
0.891636406
0.883627179
0.880102012
0.881256637
0.883032834
0.885079584
0.888791664
0.892548608
0.892305557
0.884922038
0.8745459
0.866221311
0.861156432
0.866445232
0.872878214
0.869193851
0.860197684
0.854050933
0.857165203
0.859794567
0.85775338
0.856567618
0.851090072
0.84215245
0.833959961
0.833358043
0.837244163
0.84249064
0.844032884
0.84702575
0.847412331
0.836664251
0.827060165
0.825406241
0.827307687
0.83578518
0.847277971
0.856509357
0.862051915
0.858060819
0.85027193
0.848600166
0.847930734
0.848207969
0.849690862
0.85195967
0.85562484
0.861560482
0.871156249
0.881271464
0.887314638
0.888333087
0.882841586
0.876444947
0.87268715
0.873126052
0.874979172
0.875672506
0.876900947
0.879921853
0.885456262
0.894821857
0.904921153
0.910982008
0.911287378
0.909790714
0.908661886
0.909800348
0.913082618
0.91751282
0.924112837
0.930269861
0.915801756
0.906046599
0.914100032
0.928948051
0.938904332
0.938114775
0.935645665
0.935615547
0.937306386
0.944670348
0.951836822
0.951889674
0.94329279
0.932793369
0.927837386
0.932324555
0.942071723
0.952056245
0.96215553
0.961427084
0.957010754
0.951281588
0.94519182
0.939693682
0.935806516
0.935200006
0.936865642
0.938661386
0.941508112
0.946388318
0.951239591
0.952285908
0.944481348
0.936876312
0.935419536
0.939504289
0.94466799
0.946016493
0.940204522
0.940331538
0.939826113
0.936421519
0.930324536
0.923808265
0.919267288
0.916751809
0.913150799
0.905562759
0.895752171
0.887344701
0.883768468
0.889246922
0.898966111
0.904769119
0.896158162
0.875707984
0.859139249
0.856874912
0.857144086
0.856915192
0.854710881
0.850791728
0.846206445
0.841952926
0.841745279
0.839029178
0.836453188
0.832506073
0.826572814
0.821227163
0.818324787
0.815879281
0.813525127
0.811269754
0.809323705
0.807690466
0.806300075
0.807061178
0.80581583
0.804842274
0.80450979
0.804962926
0.806362927
0.81014356
0.815713314
0.821066768
0.828022821
0.8352855
0.841031943
0.843813489
0.839098087
0.828694489
0.820949824
0.824884851
0.841191122
0.85965865
0.871097054
0.87949537
0.888702593
0.898023632
0.906374189
0.912669966
0.915826666
0.91090264
0.898781661
0.889239304
0.890642341
0.900789105
0.913367975
0.923299392
0.928318476
0.92753087
0.924915388
0.921892673
0.91988337
0.920308121
0.930117215
0.938466685
0.944363889
0.942943875
0.939330817
0.935737877
0.933610528
0.932235517
0.927978439
0.92555696
0.926247827
0.927472764
0.928691293
0.935964454
0.936844466
0.933178588
0.92757236
0.921820579
0.917718043
0.91696056
0.91880702
0.92113307
0.921982799
0.906034592
0.87681713
0.856847852
0.860131093
0.873278049
0.891755672
0.891661405
0.869979142
0.845849445
0.839271853
0.845777262
0.844530998
0.841309721
0.83662306
0.830980641
0.824892094
0.818803059
0.81322898
0.809013789
0.808167505
0.815943407
0.825601738
0.828757262
0.827654237
0.825781375
0.823313126
0.82042394
0.817288266
0.814080553
0.809447859
0.801206666
0.794172125
0.793316986
0.798786491
0.807486602
0.816542626
0.826414497
0.829875952
0.834199418
0.8441374
0.85461497
0.862765198
0.863428235
0.851164718
0.838155711
0.836330921
0.847549892
0.863314567
0.87482691
0.880495169
0.868372046
0.854106665
0.861203689
0.882758493
0.904195238
0.914768843
0.91155902
0.884059917
0.873807534
0.875079062
0.877442131
0.880334648
0.882649979
0.885907569
0.893227628
0.905596775
0.918194598
0.927903948
0.933281435
0.935249591
0.9344358
0.932752875
0.930802029
0.929184477
0.928501431
0.938526437
0.936062788
0.930822369
0.928261811
0.926486843
0.926195191
0.931627024
0.93957699
0.941221562
0.942577769
0.944002137
0.94585119
0.948481451
0.955401631
0.953900762
0.94944716
0.949397381
0.948799953
0.948631209
0.949900671
0.94750635
0.940206121
0.936388481
0.9391814
0.945031976
0.951247902
0.956252236
0.956896447
0.956315369
0.954622316
0.951255747
0.946773327
0.941121666
0.929264788
0.916763512
0.911915046
0.913952521
0.917869073
0.922486213
0.928811367
0.934838922
0.943908888
0.94380647
0.935157141
0.925923691
0.923681537
0.927582711
0.932744395
0.935183476
0.934422458
0.932259585
0.928726599
0.914346622
0.912289173
0.915991066
0.914933412
0.911639292
0.90776243
0.90412143
0.902288937
0.901384592
0.899699475
0.896521527
0.892518279
0.888009932
0.88251248
0.87460821
0.865373931
0.856019688
0.847755532
0.84179151
0.839001349
0.835689519
0.835967928
0.836215474
0.834540822
0.830975275
0.827598307
0.826002738
0.825053923
0.823259743
0.819106357
0.812119146
0.805376614
0.802685336
0.809487865
0.800459905
0.790350536
0.792124395
0.798568545
0.806693842
0.816789649
0.816564284
0.801682452
0.796168233
0.811584254
0.83498779
0.850902354
0.859262492
0.841253068
0.816987241
0.82848986
0.861638077
0.889586517
0.890090165
0.874200266
0.857336414
0.853694427
0.871975885
0.89881487
0.917129913
0.92514216
0.910647567
0.888610167
0.895241626
0.920265931
0.945718163
0.957710322
0.956925941
0.930814415
0.919745786
0.933467197
0.955036776
0.971280492
0.978379166
0.9645769
0.942768946
0.946672374
0.965253132
0.982828946
0.987117925
0.987791313
0.987940318
0.987622646
0.986896
0.985818085
0.984446605
0.981748884
0.977261616
0.972491019
0.965562242
0.950995808
0.937706858
0.935625512
0.943287977
0.954061947
0.958034472
0.944081526
0.922247861
0.908523068
0.910083336
0.915499843
0.918941263
0.915969755
0.903230492
0.891197806
0.89222826
0.89670771
0.851378649
0.821660285
0.823628796
0.827977027
0.833040394
0.84074195
0.847612368
0.852232308
0.85149898
0.845246054
0.839719634
0.841353939
0.845783011
0.843336474
0.840793311
0.827949197
0.80433476
0.790012148
0.795796921
0.796462719
0.791279431
0.78914253
0.783745833
0.778826997
0.780259294
0.78413022
0.781136602
0.779271089
0.786438347
0.798232233
0.806721024
0.804354116
0.793019749
0.782434292
0.781583267
0.788465427
0.797518098
0.804055989
0.808909862
0.806117773
0.803552401
0.809024707
0.819453997
0.828723695
0.83489153
0.83019759
0.813771706
0.809858979
0.823509333
0.841384158
0.850049655
0.85309499
0.847016512
0.843736219
0.854006893
0.877265319
0.895822515
0.894748217
0.880665778
0.866114474
0.8639592
0.884954108
0.912254089
0.924102535
0.916350531
0.902769629
0.893451366
0.902160193
0.928477262
0.950989572
0.951715641
0.93982928
0.926775824
0.92296869
0.935795498
0.953883304
0.962340626
0.957518621
0.942354368
0.931805639
0.932209552
0.936274754
0.941739286
0.947510111
0.952925571
0.957522465
0.961771372
0.964257602
0.965136684
0.965243288
0.960878177
0.951990164
0.945564139
0.947882676
0.956687875
0.964172758
0.963989875
0.96230454
0.960676689
0.958711839
0.955709696
0.952679019
0.951248925
0.939854304
0.941504059
0.944841104
0.942839343
0.940268122
0.938430309
0.93801608
0.938712934
0.93950177
0.939296359
0.933590419
0.924658551
0.918673317
0.914687498
0.902750649
0.89307812
0.891111666
0.88730665
0.88400142
0.884620288
0.886563161
0.892563119
0.899402029
0.903737715
0.906693639
0.909532235
0.91519205
0.917901453
0.921374851
0.921816777
0.919131663
0.916344633
0.916831905
0.921698061
0.925330302
0.927479714
0.926214679
0.923021642
0.92091216
0.917469861
0.906600833
0.897081583
0.896185305
0.897423435
0.89900767
0.900718848
0.901052826
0.900944467
0.902331517
0.907308565
0.915203651
0.923701091
0.932291976
0.934053357
0.933040087
0.930886105
0.927927609
0.924500795
0.920930219
0.917161616
0.913316767
0.910076782
0.91015771
0.914592106
0.920473598
0.926916027
0.921199223
0.894721109
0.888190013
0.892459533
0.898201373
0.903286082
0.912990164
0.919464947
0.925817534
0.931450885
0.935767959
0.938171718
0.938167459
0.935070646
0.927192605
0.91867895
0.914549684
0.913683332
0.913767736
0.919102433
0.92729184
0.934164517
0.935253155
0.937575594
0.937526315
0.930277881
0.913538724
0.897470282
0.893307996
0.905074225
0.922177797
0.932307648
0.933563946
0.923955846
0.910656292
0.906440883
0.908572826
0.910782228
0.908096491
0.905078137
0.905739749
0.910648108
0.919162741
0.928015337
0.933464864
0.93456969
0.926272381
0.914506007
0.908769531
0.907600084
0.90941886
0.923906394
0.944056326
0.938454602
0.933206549
0.931578897
0.932142193
0.934376296
0.942396518
0.943201419
0.940519915
0.942707867
0.946119355
0.949065555
0.949886937
0.94521679
0.939304464
0.937913673
0.942586869
0.950138958
0.957806772
0.961951143
0.961258449
0.960048505
0.960027909
0.960441431
0.961365027
0.9630443
0.965477336
0.968599257
0.972037572
0.975257429
0.977723978
0.978902368
0.974572141
0.962322031
0.951372273
0.950350551
0.957883003
0.966884677
0.970752606
0.972222197
0.973471478
0.974464806
0.975166539
0.975541037
0.975552657
0.968946518
0.966706398
0.966969413
0.967727627
0.968638447
0.969359283
0.969549357
0.969068618
0.968152588
0.967077601
0.965592989
0.963544697
0.961459455
0.953374469
0.944398928
0.93753319
0.931628633
0.927065846
0.924225423
0.923845949
0.931548319
0.937223393
0.938414318
0.933650163
0.926817313
0.919373887
0.910456681
0.901515403
0.895348433
0.894709892
0.899402925
0.906195918
0.91185332
0.913198544
0.897512657
0.880312463
0.880770811
0.88573264
0.893012306
0.901788394
0.908002129
0.913187939
0.914452152
0.908998638
0.901473258
0.897607346
0.897391793
0.89805361
0.899373935
0.902096833
0.906623552
0.91042297
0.90365238
0.896896536
0.898106786
0.899332097
0.900436856
0.901285451
0.901741564
0.90024517
0.896973892
0.894189758
0.894259614
0.897114638
0.900080709
0.902358345
0.904747821
0.905932287
0.908182024
0.911007501
0.913664461
0.91564432
0.911063887
0.900108269
0.892679874
0.895638787
0.903599764
0.912296567
0.918347453
0.923500821
0.928654571
0.933486819
0.937510147
0.940237142
0.941180388
0.935872418
0.924204476
0.915045461
0.917973141
0.934004331
0.950231835
0.954602634
0.952914985
0.949095574
0.944297215
0.939672726
0.93637492
0.935556613
0.94352724
0.954055244
0.96427055
0.972196172
0.978302836
0.981874787
0.981274772
0.969865136
0.953517772
0.941457081
0.93707471
0.936842481
0.938317789
0.945306732
0.947602118
0.948208235
0.948396835
0.948368023
0.948321907
0.948391583
0.94763742
0.946015836
0.9439439
0.939183313
0.932401527
0.927995676
0.930140523
0.932874975
0.935137814
0.937091368
0.938525272
0.939229157
0.938991169
0.937712768
0.935496176
0.932716001
0.929325677
0.925350804
0.921557966
0.914318625
0.89763984
0.883707327
0.883503863
0.888342916
0.894328616
0.900373867
0.905513628
0.909609774
0.912730557
0.914944228
0.916319038
0.916923238
0.919449249
0.921029891
0.919389987
0.916433468
0.913119107
0.910405675
0.909307498
0.911187734
0.911117093
0.911789897
0.914845074
0.919417424
0.922546824
0.91951382
0.905978094
0.891411035
0.886342668
0.89421509
0.906053409
0.911569575
0.902004772
0.902321605
0.90413239
0.908314999
0.915596093
0.923347969
0.928492872
0.926324155
0.922806868
0.925132425
0.930739398
0.936572162
0.941555788
0.94817983
0.948200839
0.945727734
0.94101918
0.93655675
0.933546754
0.935424271
0.939804086
0.938540926
0.938401165
0.941384445
0.944868766
0.945912376
0.942765843
0.937314629
0.931981168
0.928986969
0.928229068
0.928116328
0.927415782
0.922174751
0.908498767
0.897113875
0.889788976
0.884732769
0.883081097
0.889874786
0.904607166
0.916740584
0.919736535
0.920914804
0.919393293
0.907660079
0.890864258
0.897171108
0.901348637
0.892827601
0.8777946
0.868640682
0.874207484
0.88347327
0.891927726
0.888075052
0.865335626
0.842126537
0.837823481
0.848094306
0.867888218
0.879489335
0.866156727
0.84160162
0.825626261
0.82947792
0.840313694
0.849807629
0.851052289
0.846406875
0.840503973
0.837321127
0.834569845
0.831145181
0.827689273
0.824844255
0.823252264
0.823555437
0.83396245
0.833426656
0.815009628
0.811324464
0.814359895
0.818949957
0.823902312
0.829108603
0.830762028
0.831359508
0.831663533
0.832436591
0.834441173
0.840725782
0.838078579
0.82306592
0.820953752
0.824401489
0.828271911
0.831569027
0.834706778
0.834910751
0.835844507
0.843774372
0.856160626
0.868592693
0.87974291
0.88763136
0.893269391
0.896701446
0.899109447
0.901079337
0.902689613
0.899366194
0.888397566
0.880968325
0.883037431
0.891405065
0.90088099
0.908269236
0.909531965
0.906982095
0.903497497
0.902162054
0.901406503
0.898331528
0.893924548
0.890739762
0.88936108
0.896884749
0.9178345
0.935740921
0.937300171
0.931766801
0.922662211
0.911467928
0.899446249
0.888080799
0.878958523
0.87311544
0.871643908
0.87392707
0.878199133
0.882691907
0.885637205
0.883148291
0.866601168
0.848422
0.843509723
0.847272307
0.85259976
0.857800225
0.861546022
0.863948581
0.866051259
0.867301173
0.867052557
0.865004944
0.857434097
0.839659274
0.825235108
0.817784259
0.824392199
0.837431607
0.845131356
0.843816634
0.845424318
0.851359753
0.851700048
0.850619207
0.851360024
0.85682863
0.860469501
0.850186036
0.843456003
0.842186587
0.840984111
0.841538947
0.84428475
0.847555882
0.850954767
0.854115259
0.856671209
0.858256468
0.859525886
0.861166995
0.857002589
0.852178122
0.847871839
0.844309369
0.841400202
0.838189833
0.833906378
0.83109831
0.833315469
0.846320358
0.862708053
0.874219198
0.879917646
0.880505194
0.88100248
0.881511486
0.882134196
0.882972593
0.886287953
0.885790806
0.881498477
0.880520299
0.878799612
0.87504976
0.869054048
0.853332847
0.828236418
0.813963765
0.818013718
0.82695198
0.835404582
0.843117395
0.851979797
0.860364481
0.868195504
0.874665497
0.878967088
0.880050904
0.869386206
0.852088976
0.840560506
0.838162257
0.837104948
0.83802773
0.864364127
0.876211643
0.86519867
0.86068019
0.863799532
0.869745202
0.875056015
0.880080849
0.88343511
0.887025292
0.890390032
0.893067964
0.894597725
0.894892173
0.894578914
0.892209605
0.886316533
0.878873071
0.871966927
0.867031224
0.863740428
0.858344638
0.851205323
0.853276301
0.860922288
0.870592108
0.880800284
0.884429283
0.870430462
0.86507786
0.879291256
0.898552965
0.906774647
0.883937065
0.874851991
0.871659848
0.875874752
0.8898112
0.90278678
0.905768313
0.905933775
0.905513905
0.904685014
0.90362341
0.902505405
0.901507309
0.893814876
0.878640825
0.867785784
0.869028663
0.87566724
0.885256558
0.899551117
0.90787355
0.886354913
0.874647049
0.884551086
0.900523162
0.910319402
0.905952054
0.894612657
0.886070673
0.890201493
0.906860921
0.923289691
0.927690191
0.927140348
0.92561207
0.923671573
0.923556886
0.925232115
0.926916092
0.916242046
0.903786442
0.894814339
0.899003913
0.91412547
0.928868335
0.929305395
0.914001589
0.910518636
0.908541748
0.908314338
0.909147066
0.911097167
0.916402867
0.912870642
0.899450021
0.900353721
0.912332907
0.927324564
0.939335843
0.947400794
0.939899964
0.933873658
0.940714568
0.952622104
0.962469519
0.965544838
0.96154535
0.955731167
0.951860056
0.95023613
0.950165259
0.951217089
0.95242209
0.95077749
0.949063818
0.947297705
0.945495782
0.943674681
0.941231924
0.937309793
0.933830533
0.932719861
0.933533888
0.934628022
0.934297188
0.923403396
0.904321983
0.893410576
0.893787938
0.894437301
0.89523824
0.896188803
0.898950318
0.906392025
0.907720354
0.905107093
0.902409635
0.901564063
0.901116399
0.899870935
0.898716248
0.89762458
0.896568171
0.895519261
0.89478086
0.895179909
0.895444676
0.893566968
0.883699676
0.871319054
0.865064844
0.870965981
0.867619142
0.860948318
0.852927867
0.84551844
0.840680686
0.84016095
0.843163096
0.847495237
0.851077834
0.854142735
0.857147464
0.860035238
0.862490804
0.848608488
0.828760136
0.831955452
0.849814285
0.869299336
0.878928387
0.880119137
0.86835278
0.862249434
0.861814823
0.861321394
0.861560465
0.862789025
0.864595679
0.866895815
0.872358056
0.885007038
0.896745868
0.900144312
0.900888367
0.901203644
0.901219218
0.901064162
0.900867552
0.900758462
0.895725061
0.884123423
0.875503968
0.878326355
0.890570898
0.90529483
0.916435459
0.920919699
0.920372669
0.919174521
0.917660574
0.916166146
0.915026556
0.914542852
0.91475613
0.91559001
0.916517521
0.915895868
0.914400922
0.913191434
0.910468132
0.90408344
0.897336733
0.891159606
0.886483651
0.884240461
0.887893586
0.89710098
0.909459896
0.911604253
0.91086519
0.908062559
0.902479923
0.898260097
0.892297807
0.88863266
0.887068421
0.88604254
0.884835161
0.88259514
0.87895306
0.874510076
0.869780699
0.864805245
0.860618365
0.858418071
0.85885951
0.8631538
0.870509647
0.878990678
0.886660521
0.891582801
0.89049836
0.881998331
0.873534747
0.871701624
0.870834327
0.869429286
0.868017989
0.864289801
0.8591919
0.85591964
0.860878296
0.875064445
0.889913547
0.899650905
0.908799763
0.917006835
0.922400942
0.925543092
0.926819064
0.926040825
0.915835121
0.906194285
0.900320558
0.90769094
0.927416254
0.947018545
0.956916434
0.96046391
0.961667163
0.962122182
0.962410353
0.963113066
0.964842072
0.971546128
0.965552498
0.957816607
0.960105871
0.967608555
0.976183506
0.983397479
0.982362817
0.965401644
0.957932614
0.967751666
0.982925667
0.991908715
0.998722377
0.999353504
0.9985842
0.996792008
0.994255159
0.991251884
0.985218477
0.964317232
0.945217627
0.939573467
0.946460255
0.957894768
0.967407229
0.971199488
0.974468512
0.977912773
0.973845055
0.958185152
0.944222203
0.944423952
0.951438263
0.95824366
0.959618863
0.954923747
0.947832784
0.94122264
0.93669266
0.932906885
0.928893301
0.91982309
0.897171071
0.873485385
0.861495668
0.854477836
0.84967447
0.848267732
0.85964477
0.878845439
0.890790493
0.861476958
0.855553811
0.854693422
0.854758425
0.856000054
0.858669546
0.864050343
0.874534007
0.881260369
0.886098746
0.885618653
0.881356105
0.878040548
0.878544241
0.880045717
0.880644826
0.877471075
0.866596298
0.854756632
0.849575312
0.848582269
0.84854494
0.848648413
0.849023737
0.850786093
0.854553658
0.861167467
0.866757149
0.871127312
0.874957655
0.878619775
0.882485272
0.887197728
0.891684032
0.876895734
0.862395255
0.867649424
0.884297026
0.900695356
0.910115921
0.908459285
0.891330404
0.889669851
0.910507773
0.935127644
0.944115437
0.936626479
0.924819947
0.916927174
0.922424334
0.938417166
0.95135598
0.95252255
0.947324615
0.941053196
0.940942636
0.952560674
0.96742469
0.974621346
0.975245648
0.971722722
0.96709886
0.966278255
0.966200569
0.966975586
0.971157068
0.975193453
0.976890235
0.978331622
0.979444226
0.980154662
0.980338611
0.968841247
0.958735664
0.950328151
0.947345465
0.949775606
0.953128115
0.951871109
0.947361606
0.939408191
0.92976641
0.921749591
0.916916384
0.916749611
0.924704306
0.937182597
0.948636889
0.943235905
0.923633233
0.907208741
0.908285214
0.914583701
0.920501561
0.923503959
0.915761471
0.902999621
0.896709561
0.904427009
0.919161787
0.930880073
0.926105415
0.899979317
0.874863948
0.872533989
0.881644958
0.882996702
0.88130955
0.871907971
0.857689908
0.849324866
0.860425373
0.865283854
0.867729977
0.866326688
0.859393853
0.852401083
0.850605239
0.84993567
0.848733841
0.847279153
0.845851007
0.844728807
0.844191955
0.851067133
0.852268463
0.851720595
0.850664575
0.849234457
0.847564297
0.845574058
0.841069352
0.835867452
0.833096536
0.842070289
0.859491985
0.871546924
0.870816632
0.859765755
0.849313567
0.849721835
0.86324593
0.88063857
0.892506798
0.900881164
0.906774625
0.912634509
0.919396232
0.926323745
0.930420577
0.925734716
0.909449916
0.893834782
0.892289762
0.910707139
0.933883704
0.945044921
0.948477994
0.949633024
0.951246264
0.95306851
0.954850558
0.956343205
0.961163811
0.957893456
0.94244164
0.937458356
0.946802821
0.959246162
0.963838447
0.965425105
0.962788935
0.959485665
0.956066396
0.953082227
0.951084258
0.950547604
0.951325252
0.953030996
0.955451001
0.959405429
0.963003937
0.963603272
0.950806953
0.928962794
0.912820462
0.910195206
0.913254884
0.919207201
0.928390239
0.937832989
0.944519117
0.948560373
0.94843312
0.946314529
0.94506426
0.943542845
0.940131666
0.936169662
0.93267847
0.929578893
0.92683665
0.921924657
0.915796011
0.911482791
0.90694094
0.903013624
0.900544008
0.900375257
0.904767673
0.906496251
0.90790209
0.908980318
0.909658782
0.909865328
0.903429222
0.885652029
0.875021648
0.871414973
0.873949548
0.878503785
0.882633737
0.883273993
0.881367496
0.8812249
0.886026133
0.893476273
0.901381148
0.908718986
0.909896745
0.883401573
0.867671976
0.866967839
0.866701567
0.867074062
0.868153169
0.86970834
0.87155977
0.876992413
0.89410403
0.912909082
0.922655582
0.91991531
0.909364067
0.899870182
0.897886312
0.899988867
0.898585899
0.891353227
0.885292352
0.881570988
0.883285044
0.896946765
0.914085853
0.925128533
0.93073785
0.934613286
0.938032622
0.94080017
0.942720246
0.943597163
0.940885262
0.932219317
0.923264408
0.919235363
0.918990653
0.920338533
0.922236987
0.928266525
0.929346251
0.930894577
0.933957522
0.937779155
0.941359671
0.944611515
0.945398361
0.945022614
0.944175911
0.943100272
0.942037719
0.941054521
0.935433148
0.927221
0.922661226
0.92844713
0.941100853
0.950726896
0.946980976
0.929620333
0.911998555
0.907432638
0.916553823
0.929084046
0.934931652
0.938052923
0.927720392
0.91442742
0.908417568
0.908459253
0.911010601
0.916361692
0.922291991
0.92662586
0.92815933
0.932401514
0.938232007
0.941806046
0.942715875
0.936697396
0.929540083
0.926961409
0.926597037
0.926810708
0.925675456
0.920462991
0.913092611
0.904216459
0.888214763
0.870761106
0.861288744
0.862699378
0.877996443
0.899587665
0.90707759
0.90691593
0.904825954
0.904973747
0.896793943
0.88391774
0.878240247
0.877001193
0.877364267
0.880018478
0.887831148
0.895839948
0.903468371
0.908771906
0.911629033
0.913423104
0.916767937
0.919544517
0.921436257
0.919603637
0.911582266
0.901743126
0.894624539
0.892520268
0.893162699
0.894844172
0.898182849
0.907350355
0.917879759
0.924948392
0.922244096
0.914721931
0.911444145
0.913845351
0.917739997
0.919066936
0.914696902
0.914481966
0.917053948
0.918768552
0.924061473
0.92922819
0.929710814
0.925042777
0.919109527
0.915933301
0.915470631
0.915619941
0.915936258
0.916275918
0.916906762
0.917636919
0.918001553
0.917054203
0.915610604
0.914590265
0.913282551
0.911489178
0.909472846
0.907496255
0.905822106
0.904713099
0.904371674
0.904611041
0.905096547
0.904704954
0.899881329
0.892916342
0.886849939
0.881341931
0.875929752
0.87108054
0.867302794
0.865037037
0.864641206
0.868229884
0.871252874
0.874192476
0.877281615
0.879916298
0.881492534
0.881398115
0.87908871
0.875159105
0.870518876
0.866485432
0.864160683
0.863908344
0.867669411
0.873806639
0.879041319
0.880004867
0.875214642
0.868415371
0.864000089
0.864539523
0.859705383
0.854990433
0.853818603
0.854983005
0.857471763
0.865297845
0.867989006
0.860999557
0.856005279
0.854260423
0.853081697
0.850323161
0.842397379
0.832638302
0.828056605
0.830734535
0.834012103
0.837136599
0.835441185
0.819187117
0.811886304
0.81379569
0.828685194
0.847524295
0.856653417
0.847533558
0.829975852
0.817898779
0.821796618
0.835231623
0.848021425
0.85212085
0.853461941
0.853658312
0.853036151
0.8519716
0.8508408
0.850019894
0.846861248
0.841964137
0.84072862
0.848980227
0.867021804
0.885252105
0.894688476
0.888578776
0.860520387
0.846811784
0.857249187
0.876094711
0.892034675
0.900906151
0.906530051
0.912176428
0.916038878
0.916838004
0.9167773
0.917883743
0.918409849
0.918027181
0.917138097
0.916144956
0.915450115
0.915455933
0.92115344
0.925243772
0.927740043
0.924599101
0.919869613
0.915184219
0.91137497
0.906830075
0.902893118
0.901962199
0.910857145
0.926999931
0.941250814
0.949530105
0.949669379
0.946434291
0.940602489
0.93370979
0.926834684
0.920925174
0.91669597
0.914455505
0.91447499
0.920160156
0.930654461
0.940519146
0.947166821
0.945346752
0.939973872
0.932870726
0.924955999
0.917148376
0.910362529
0.90525002
0.902082614
0.901107695
0.905808584
0.916526347
0.928030559
0.938373893
0.941593276
0.94296287
0.944044889
0.944733076
0.94492117
0.944463476
0.942166687
0.938978802
0.936902605
0.937301776
0.93931221
0.941679055
0.942263726
0.936774322
0.925619078
0.916669233
0.913115198
0.911730232
0.908948905
0.905557163
0.920908457
0.939750381
0.940727554
0.940119425
0.938249033
0.933891471
0.924582333
0.915446299
0.912293438
0.917337994
0.925355588
0.930305558
0.932849841
0.935365769
0.936925863
0.934027954
0.926392825
0.92062528
0.921713738
0.924023094
0.92597123
0.92571886
0.919503389
0.911265589
0.907067614
0.911560955
0.913641515
0.914714429
0.912005422
0.905210292
0.899777114
0.901443353
0.907036801
0.911939126
0.913630954
0.909641705
0.904119806
0.902528709
0.907495074
0.910721266
0.913085217
0.911519446
0.904665574
0.898215235
0.897168745
0.897947971
0.899069468
0.900221989
0.901094289
0.901375121
0.900753241
0.895693738
0.8858494
0.877930058
0.877191482
0.880757051
0.88498871
0.886494621
0.884586879
0.882601417
0.884170934
0.889654247
0.895726058
0.899382172
0.894911712
0.883552012
0.875364451
0.876189654
0.884514253
0.894927262
0.903321198
0.909672583
0.900606827
0.893923097
0.897567149
0.90482194
0.9119667
0.918687322
0.918433305
0.912341368
0.911703688
0.91472819
0.919424253
0.925099067
0.931944873
0.925100596
0.918413935
0.920195822
0.924426305
0.929666714
0.93349914
0.927943125
0.91319076
0.911802684
0.926114819
0.942094685
0.945565445
0.935156569
0.922865338
0.915720207
0.919205597
0.929130238
0.938899567
0.945039799
0.944385043
0.941452823
0.938915707
0.938666658
0.939567798
0.940176405
0.945115904
0.9526674
0.956857065
0.955946841
0.953786973
0.951074017
0.948013113
0.943885052
0.939691724
0.936579647
0.934803137
0.932917602
0.928746879
0.908012468
0.899647728
0.892829674
0.88773306
0.884532641
0.883403171
0.906552392
0.921731317
0.913022619
0.905725596
0.898013009
0.890906494
0.888168792
0.891228141
0.896551109
0.900140922
0.897371825
0.888987391
0.881868049
0.881295659
0.88266054
0.884101363
0.883536709
0.866180116
0.84287101
0.833442662
0.842292477
0.851882212
0.85756262
0.85414003
0.845810185
0.838247819
0.840544283
0.845652711
0.843894605
0.841573751
0.839126969
0.83699108
0.835602906
0.837369459
0.836883705
0.834498197
0.831141136
0.827695275
0.825043365
0.826370151
0.830133503
0.829330349
0.828535539
0.828261957
0.828513172
0.828994333
0.829113655
0.823500343
0.819097814
0.820054294
0.826169856
0.832222497
0.83203767
0.830558125
0.834058752
0.837632356
0.842042258
0.847432829
0.853406883
0.863379044
0.856962167
0.842882882
0.841243871
0.849222688
0.859930266
0.86793195
0.870595338
0.858182121
0.84916218
0.854807594
0.867680076
0.88048959
0.891756387
0.887814319
0.870515662
0.870735305
0.886728297
0.904003827
0.90972113
0.906797706
0.900039259
0.89710815
0.905929308
0.92203133
0.933531846
0.932129769
0.924323203
0.917290807
0.917738084
0.926304379
0.937674283
0.946650399
0.951075116
0.936136012
0.92284759
0.923214093
0.925116865
0.927747674
0.930519541
0.93388822
0.93901982
0.94499231
0.950676271
0.954942284
0.957013243
0.96095785
0.958544288
0.955195227
0.9516726
0.94873834
0.947154378
0.948317817
0.95304365
0.957670259
0.958241756
0.953557189
0.948142248
0.947121519
0.951966542
0.958674585
0.963168822
0.95705051
0.939568872
0.924815961
0.924976028
0.929139769
0.933234464
0.933305894
0.923642697
0.911142194
0.905332935
0.910555754
0.905846689
0.899406616
0.8946707
0.892920307
0.893809064
0.897967415
0.90258261
0.901378669
0.900114232
0.895578892
0.888025877
0.880798801
0.879109876
0.878615472
0.879214673
0.885576213
0.894172075
0.901795723
0.903401534
0.888729387
0.866533726
0.85899826
0.862810653
0.86932937
0.876679415
0.887741611
0.892542296
0.89645375
0.899653192
0.902104423
0.903771245
0.904582875
0.904367255
0.903390913
0.901996182
0.900525397
0.899320893
0.898725004
0.898753012
0.89904232
0.899529165
0.900152444
0.900851048
0.901563874
0.90199606
0.893622158
0.87885179
0.871789451
0.872975943
0.877131947
0.88276675
0.890479294
0.899554109
0.908415513
0.91356204
0.911924066
0.9080852
0.906304227
0.89954412
0.890686301
0.886675118
0.883023997
0.876445368
0.871824704
0.86623667
0.868939284
0.874024571
0.879507287
0.888309057
0.898214522
0.906486438
0.914793382
0.922742998
0.928426039
0.931271409
0.932344601
0.932244531
0.93643824
0.924082055
0.909956277
0.908582397
0.921243732
0.938020927
0.948906095
0.952752634
0.940964966
0.930072592
0.9313461
0.93701473
0.944158224
0.953158388
0.955806315
0.956144123
0.956197325
0.956058213
0.955819077
0.955770143
0.958901408
0.959655479
0.959987852
0.961372103
0.96427665
0.966093716
0.962712638
0.951380195
0.940281779
0.937341012
0.938462015
0.941066507
0.944760233
0.953830051
0.954287964
0.952028789
0.94605135
0.933211638
0.923707649
0.928214547
0.933778087
0.932748398
0.930074789
0.915584266
0.897625188
0.890845253
0.898597943
0.906944506
0.913125801
0.90998465
0.90044948
0.892229684
0.893101015
0.895694282
0.896008896
0.895585639
0.887950284
0.87790357
0.874477188
0.87758766
0.877593343
0.87974644
0.885176843
0.891910926
0.89779547
0.88966467
0.875239088
0.876675743
0.87831706
0.880024012
0.881657576
0.883078725
0.8842016
0.87965213
0.876522923
0.878776599
0.883311281
0.888121157
0.891176157
0.886340486
0.876899405
0.869373781
0.867114168
0.866961391
0.864314024
0.858557093
0.854045021
0.851449711
0.853971124
0.866214858
0.878305209
0.880615804
0.87925733
0.877642497
0.876428234
0.87548473
0.874451727
0.873312017
0.872048392
0.870643646
0.86908057
0.867348496
0.865474756
0.863483742
0.861218838
0.85655366
0.849844798
0.842352317
0.835336286
0.830056773
0.827773844
0.832373275
0.845429291
0.858982072
0.866125718
0.869644429
0.872576282
0.877500914
0.883312755
0.88570114
0.887462892
0.889033343
0.890868076
0.893323877
0.898321503
0.902876881
0.907077875
0.910930274
0.914249648
0.917579014
0.920349847
0.911709186
0.89315389
0.877468927
0.888748849
0.911666122
0.928632924
0.928003756
0.920891923
0.913492887
0.911736854
0.920411419
0.931671162
0.935985874
0.932624656
0.927328231
0.92421406
0.931929834
0.949890281
0.963515064
0.961437103
0.95091661
0.940499006
0.938457687
0.949589738
0.964128711
0.970225367
0.965087486
0.956583531
0.951577521
0.956798518
0.969131272
0.978415934
0.977290052
0.97291495
0.967648348
0.962633911
0.958217744
0.954953197
0.95362986
0.959746945
0.964071925
0.965865528
0.963300862
0.959250284
0.955553986
0.953540411
0.951945502
0.950415773
0.948869949
0.947226759
0.945404929
0.943323187
0.938969016
0.926724662
0.918424775
0.923163483
0.939573525
0.954483777
0.950636961
0.94172744
0.94647908
0.947742684
0.935966191
0.919017464
0.909345269
0.914812838
0.91957086
0.922853085
0.918555817
0.903047976
0.889011415
0.888990334
0.897432624
0.905370849
0.908206085
0.900418041
0.886012958
0.87198366
0.86716801
0.865958822
0.865207253
0.870626167
0.879840947
0.888632252
0.88633561
0.867898616
0.863076733
0.861434176
0.866042851
0.872508105
0.878077998
0.880000835
0.875710557
0.867836743
0.863478075
0.860485374
0.858698837
0.859813459
0.866798559
0.870551146
0.874565786
0.878611875
0.882370059
0.885453908
0.888322854
0.887165423
0.885774558
0.887352075
0.891629087
0.896967509
0.901827809
0.905190299
0.903793639
0.903651684
0.910979755
0.921317909
0.928116073
0.923390157
0.907070446
0.892233447
0.891255205
0.902955531
0.919949643
0.935321759
0.943168499
0.943709757
0.94212637
0.93949338
0.93688583
0.935378764
0.939106015
0.941966342
0.943319156
0.946823573
0.95640262
0.966558444
0.9686023
0.938893305
0.933766378
0.9325592
0.939819666
0.952831297
0.963321019
0.965358572
0.964043096
0.962147715
0.961394726
0.959012275
0.956123913
0.95526424
0.956542668
0.951959598
0.946181964
0.941425266
0.934767666
0.931043762
0.934727388
0.938848381
0.93828866
0.936740129
0.925689274
0.911738738
0.907041637
0.910085942
0.909962739
0.908112437
0.903063554
0.888827297
0.876732235
0.877228299
0.886941652
0.898031418
0.901761204
0.884921708
0.860106982
0.847420591
0.853649554
0.863563237
0.872064776
0.871205499
0.868716341
0.86516716
0.849022457
0.831510998
0.835883018
0.84137183
0.845382901
0.847132742
0.846370942
0.839955158
0.830568521
0.824532029
0.823945803
0.826856118
0.832279869
0.840985825
0.847399216
0.840623781
0.837852614
0.849722915
0.868759837
0.884234596
0.891730506
0.879268914
0.854760725
0.856948772
0.882835918
0.907784237
0.90531542
0.88164326
0.873445315
0.871732792
0.887535392
0.914175782
0.930437402
0.920877496
0.905896242
0.893640071
0.89566356
0.919809366
0.945839028
0.951946996
0.937881854
0.922926109
0.916990916
0.926168775
0.944038281
0.95916511
0.961166149
0.955195273
0.938930686
0.935174816
0.932479726
0.93032529
0.931787036
0.934988247
0.938480294
0.942199522
0.946082278
0.950064907
0.954083755
0.955140112
0.952218181
0.946034633
0.938021696
0.930103247
0.924203164
0.922234548
0.924938376
0.930683723
0.937866305
0.945103311
0.95101193
0.95420935
0.942900834
0.934799739
0.930742741
0.926611445
0.923261435
0.921548292
0.922354945
0.92721748
0.934498696
0.941221861
0.945458934
0.947227426
0.945931996
0.938425694
0.920495061
0.903221663
0.897187541
0.89471129
0.892617601
0.891475381
0.890876726
0.891101377
0.89275636
0.895606243
0.899415593
0.903948976
0.910378981
0.916471327
0.920644702
0.922296727
0.920123956
0.916519091
0.914529382
0.914129535
0.913845379
0.913385124
0.912356362
0.911559143
0.911072323
0.914159761
0.916673676
0.909984382
0.899536357
0.888222526
0.878935814
0.874569146
0.876295153
0.882713681
0.892423785
0.903177121
0.91272045
0.918800534
0.919749258
0.91823651
0.915279763
0.911276538
0.906624354
0.901720733
0.896963194
0.892749258
0.888054234
0.883705493
0.887314155
0.902484261
0.917039619
0.919766613
0.917579926
0.914984038
0.913998649
0.917432317
0.923150071
0.927031489
0.92694959
0.925359155
0.924147536
0.92531095
0.928868464
0.931613431
0.930228824
0.923888578
0.915272237
0.907333186
0.903408342
0.903649905
0.906787557
0.916498354
0.926312884
0.933725273
0.936191462
0.940393508
0.945313138
0.948688106
0.948180362
0.942123875
0.937072996
0.93533226
0.934316266
0.934051683
0.934361748
0.934884975
0.935884569
0.93715228
0.938446492
0.939525588
0.940170245
0.940647329
0.941073849
0.941404127
0.941592485
0.941593246
0.941360732
0.94079098
0.939770055
0.938411115
0.936837344
0.935171925
0.933538042
0.932062767
0.93094112
0.93014814
0.929571514
0.929098928
0.92861807
0.928016624
0.927242482
0.926418001
0.925544094
0.92460673
0.923565452
0.922402087
0.92106851
0.917999555
0.914003538
0.911346564
0.910596666
0.910021896
0.909457688
0.908594193
0.90684077
0.904621458
0.901870515
0.89700677
0.890278963
0.882513422
0.87484211
0.868476129
0.864481386
0.865983228
0.874181945
0.883635032
0.890603048
0.891016927
0.888116139
0.884648273
0.881078236
0.877870935
0.875491949
0.874613611
0.874933172
0.875549896
0.877262756
0.882479544
0.889600676
0.899078593
0.906331879
0.90843038
0.907984017
0.902986307
0.896467584
0.89318426
0.894628488
0.892507408
0.890852737
0.891964463
0.89503463
0.900532086
0.91020969
0.918301528
0.917583214
0.917670389
0.919006214
0.919660844
0.919842979
0.920108533
0.920159359
0.918701321
0.915106034
0.911156296
0.90768838
0.909434032
0.917818117
0.918742878
0.920096397
0.921588151
0.922927618
0.923824276
0.922738168
0.919049572
0.915436268
0.913310517
0.908943508
0.903688411
0.899657077
0.895205732
0.887777956
0.879891716
0.872696436
0.867341543
0.864976461
0.868587653
0.880403218
0.897958805
0.898287595
0.890287313
0.881299168
0.876428328
0.874205381
0.872999542
0.87254368
0.872570665
0.872813369
0.873004662
0.875606986
0.874518582
0.872612112
0.872141142
0.870760878
0.867375564
0.861480206
0.857533202
0.856490961
0.857670891
0.863176791
0.871208319
0.877302897
0.878579979
0.877976861
0.877509893
0.879207004
0.884272744
0.889856994
0.892420622
0.885119499
0.87342559
0.867528894
0.874195157
0.888326434
0.902689635
0.90765906
0.903599645
0.887880003
0.885574078
0.89376754
0.904544256
0.913329282
0.918106623
0.910150381
0.901954417
0.907608541
0.922770315
0.935619039
0.937254061
0.933979142
0.930450617
0.930801212
0.938095354
0.94701416
0.950810516
0.944865396
0.931141915
0.922251892
0.929818798
0.950664392
0.968253993
0.968271488
0.956500213
0.944304782
0.942321179
0.953093104
0.967222849
0.974362665
0.967086664
0.966056508
0.965510366
0.965269041
0.96519422
0.965147589
0.965259166
0.9670164
0.971906397
0.971954351
0.959899757
0.943893057
0.935358131
0.944185181
0.954335881
0.962174537
0.95698488
0.938986046
0.922300347
0.920940225
0.927578451
0.932330527
0.933743017
0.927379877
0.915710084
0.903524777
0.893057853
0.891441171
0.897023348
0.894514551
0.885437319
0.876993991
0.873193986
0.871106774
0.876869355
0.882810862
0.878840711
0.868005737
0.860858997
0.863177227
0.868885477
0.872939347
0.872208053
0.870787069
0.868759705
0.864879039
0.852957645
0.839409207
0.833849764
0.834874032
0.836656256
0.838310915
0.838786746
0.838251188
0.838506333
0.840566942
0.843338665
0.846578632
0.850523596
0.855899757
0.858552135
0.861991947
0.868669127
0.875732401
0.879448229
0.877036849
0.870457106
0.862730944
0.857335296
0.857382791
0.859604734
0.860126824
0.85910372
0.859013704
0.861834264
0.868966422
0.878063493
0.885439795
0.891547089
0.88780367
0.87531008
0.867721897
0.869265256
0.874160313
0.876270234
0.877474121
0.881732423
0.890714302
0.904758406
0.91964216
0.930342923
0.933352998
0.926054911
0.911033926
0.898561605
0.892821652
0.891349873
0.891581416
0.901783711
0.91861469
0.929738343
0.930326458
0.927447821
0.921882211
0.911556425
0.886763225
0.862328172
0.853817719
0.851030511
0.849616288
0.851658837
0.912645117
0.90604865
0.89627734
0.894846805
0.898179864
0.899803019
0.883579968
0.869128662
0.864482201
0.864013348
0.869787934
0.878374137
0.886168432
0.897288742
0.900374889
0.900301185
0.901277536
0.901541441
0.895984647
0.867861111
0.838816151
0.828501364
0.822051708
0.822006211
0.826048768
0.830771234
0.845478924
0.84581966
0.840369547
0.833596858
0.816940468
0.802457079
0.801313846
0.805833076
0.811254645
0.815231848
0.818763048
0.822850807
0.827283961
0.834810957
0.841668454
0.847250312
0.84891307
0.845170638
0.840787873
0.840379038
0.838492288
0.834233165
0.833005501
0.836174014
0.841823147
0.848215258
0.857303112
0.86455358
0.8708149
0.876075115
0.880067008
0.882523361
0.879930302
0.864508299
0.858777122
0.857258732
0.872668727
0.899588004
0.917046781
0.909067264
0.886070431
0.866556787
0.871881466
0.912198113
0.95517531
0.966509773
0.947507314
0.919243925
0.905372495
0.918430737
0.943283608
0.960216056
0.962351493
0.95873035
0.95259252
0.945892066
0.939835395
0.935628912
0.934707067
0.938245032
0.940887253
0.942400928
0.939300048
0.93268589
0.92799366
0.93303848
0.929574377
0.910226642
0.906092563
0.917172897
0.931141125
0.937522056
0.940079842
0.942908985
0.945030489
0.94592635
0.945990637
0.945464389
0.943819716
0.939944811
0.936436531
0.935714275
0.935791964
0.936110988
0.936981616
0.939278518
0.938928356
0.937445491
0.932410522
0.923266706
0.917091381
0.922797413
0.931797584
0.938040336
0.938602023
0.917807057
0.890235477
0.878283691
0.885068037
0.892527624
0.898213031
0.896271391
0.888498253
0.878558943
0.868663817
0.856279545
0.84631132
0.845194097
0.861168068
0.883506759
0.896709932
0.879515421
0.878646404
0.87734214
0.878670183
0.881563546
0.884239946
0.884431667
0.879793662
0.874514077
0.872982163
0.866713687
0.857322662
0.852724316
0.851853331
0.849179976
0.847440461
0.843091887
0.826865359
0.811774483
0.809627266
0.811485269
0.813520501
0.814792652
0.816301314
0.818527214
0.821052087
0.825091787
0.823723217
0.820040568
0.819990504
0.82243594
0.825627082
0.828299501
0.827227888
0.81916432
0.812706816
0.814756544
0.821532251
0.826670712
0.826330925
0.823973037
0.823106517
0.827717973
0.838695673
0.849353
0.852935873
0.850772646
0.847842321
0.847856484
0.850289593
0.852920093
0.855428732
0.862396613
0.859729307
0.85083942
0.852111319
0.86575406
0.880287019
0.884143211
0.878410898
0.870519452
0.866526124
0.875684606
0.893285303
0.905541574
0.901013625
0.885407784
0.871928448
0.872024854
0.881378521
0.893894064
0.904850127
0.910611927
0.907215203
0.901050467
0.893859123
0.887382576
0.883362231